200           32              24              8               8             216


1	1	2	0	1200	400	600	30
2	1	2	0	1200	400	600	30
3	1	3	0	1200	400	600	30
4	2	2	0	1200	400	600	30
5	2	2	0	1200	400	600	30
6	2	3	0	1200	400	600	30
7	3	1	0	1200	400	600	30
8	3	2	0	1200	400	600	30
9	3	3	0	1200	400	600	30
10	4	2	0	1200	400	600	30
11	4	2	0	1200	400	600	30
12	4	3	0	1200	400	600	30
13	5	2	0	1200	400	600	30
14	5	2	0	1200	400	600	30
15	5	3	0	1200	400	600	30
16	6	1	0	1200	400	600	30
17	6	2	0	1200	400	600	30
18	6	3	0	1200	400	600	30
19	7	2	0	1200	400	600	30
20	7	2	0	1200	400	600	30
21	7	3	0	1200	400	600	30
22	8	2	0	1200	400	600	30
23	8	2	0	1200	400	600	30
24	8	3	0	1200	400	600	30
25	0	5	0	1200	400	600	30
26	0	5	0	1200	400	600	30
27	0	5	0	1200	400	600	30
28	0	5	0	1200	400	600	30
29	0	5	0	1200	400	600	30
30	0	5	0	1200	400	600	30
31	0	5	0	1200	400	600	30
32	0	5	0	1200	400	600	30


1              -5.78 	-8.95          1              
2              -5.78 	-8.95          1             
3                5.85 	9.25          2              
4                5.85 	9.25          2             
5               -15.29 	11.72          3              
6               -15.29 	11.72          3            
7              17.54 	27.02           4              
8              17.54 	27.02          4             
9               -1.86 	28.98          5              
10             -1.86 	28.98          5             
11            31.36 	44.84          6             
12            31.36 	44.84          6             
13               9.42 	47.24          7              
14               9.42 	47.24          7            
15              44.66 	63.18           8              
16              44.66 	63.18           8             


1	-5.52 	-2.80 	1	5	582.44 	626.42 	64.31 
2	-0.78 	-7.30 	1	4	684.97 	734.26 	46.22 
3	-9.74 	-8.41 	1	2	853.71 	912.17 	53.17 
4	-4.64 	-7.08 	1	4	1032.64 	1083.84 	46.86 
5	-5.59 	-8.67 	1	2	947.69 	996.05 	61.62 
6	-2.68 	-14.02 	1	2	402.06 	463.43 	47.59 
7	-4.90 	-7.46 	1	3	30.21 	84.80 	48.06 
8	-10.78 	-9.72 	1	5	546.09 	609.83 	61.86 
9	-7.40 	-7.51 	1	2	302.92 	349.95 	63.75 
10	-6.91 	-7.73 	1	3	570.30 	632.38 	56.58 
11	-1.59 	-4.02 	1	1	212.90 	268.30 	50.90 
12	-13.15 	-14.39 	1	1	580.78 	634.21 	49.16 
13	-8.07 	-10.52 	1	1	1003.56 	1065.26 	55.55 
14	-5.76 	-7.40 	1	1	347.46 	392.12 	56.16 
15	-4.42 	-11.36 	1	1	70.54 	120.60 	60.79 
16	-7.70 	-6.51 	1	1	637.75 	695.92 	58.11 
17	-4.68 	-8.64 	1	4	688.41 	728.36 	49.36 
18	-6.43 	-8.34 	1	3	324.24 	380.86 	55.74 
19	-3.31 	-9.24 	1	2	1020.72 	1072.79 	58.74 
20	-8.02 	-8.21 	1	2	1114.35 	1170.99 	50.45 
21	-3.28 	-12.53 	1	4	1001.79 	1063.38 	60.57 
22	-8.29 	-8.61 	1	1	234.60 	287.72 	51.78 
23	-3.34 	-12.53 	1	3	785.49 	838.08 	54.60 
24	-0.96 	-9.01 	1	3	183.83 	235.70 	53.81 
25	-6.50 	-11.60 	1	3	687.68 	738.94 	50.60 
26	7.28 	9.43 	2	5	212.76 	270.45 	57.56 
27	6.74 	7.75 	2	2	427.12 	471.73 	57.68 
28	5.44 	8.27 	2	2	629.38 	671.17 	55.36 
29	6.14 	9.59 	2	3	1130.70 	1182.49 	64.65 
30	5.62 	10.47 	2	3	419.83 	470.17 	49.18 
31	6.27 	5.87 	2	1	939.45 	994.09 	51.45 
32	5.26 	11.21 	2	3	1042.94 	1090.41 	54.66 
33	5.45 	10.41 	2	4	1030.92 	1080.49 	60.88 
34	6.77 	4.94 	2	4	421.67 	470.95 	54.42 
35	8.36 	10.18 	2	1	703.81 	745.86 	50.06 
36	4.46 	8.86 	2	2	1093.15 	1142.99 	63.23 
37	2.10 	11.23 	2	1	183.77 	236.99 	58.81 
38	4.34 	15.89 	2	2	671.68 	725.94 	51.51 
39	4.02 	10.66 	2	2	958.46 	1008.74 	45.18 
40	5.04 	9.08 	2	1	789.57 	840.85 	55.25 
41	5.53 	10.03 	2	4	1149.24 	1208.49 	61.56 
42	6.84 	7.62 	2	1	678.52 	730.14 	54.46 
43	7.39 	7.38 	2	4	996.19 	1060.63 	51.58 
44	5.57 	9.36 	2	4	89.79 	139.25 	52.80 
45	7.42 	3.57 	2	1	577.36 	625.97 	63.49 
46	4.93 	10.99 	2	3	693.64 	749.28 	52.72 
47	7.24 	8.21 	2	2	893.30 	945.24 	60.24 
48	5.30 	9.29 	2	1	230.61 	287.95 	55.19 
49	6.20 	9.52 	2	3	811.29 	865.22 	62.33 
50	6.47 	11.47 	2	3	177.63 	233.96 	46.24 
51	-17.43 	17.67 	3	3	52.42 	109.21 	47.49 
52	-13.24 	15.20 	3	3	343.43 	395.44 	47.71 
53	-14.27 	10.81 	3	4	1138.42 	1201.70 	64.04 
54	-15.77 	10.15 	3	3	762.12 	817.85 	63.29 
55	-15.06 	13.56 	3	5	74.33 	123.61 	45.91 
56	-14.87 	12.05 	3	2	814.77 	863.10 	45.00 
57	-16.78 	14.34 	3	3	381.84 	441.92 	62.51 
58	-15.61 	14.22 	3	2	958.30 	1012.16 	46.55 
59	-15.84 	10.72 	3	2	304.60 	362.08 	61.20 
60	-14.07 	6.09 	3	1	413.46 	477.36 	53.36 
61	-16.85 	12.19 	3	1	938.59 	987.70 	59.99 
62	-17.08 	15.80 	3	2	483.54 	546.08 	50.06 
63	-15.17 	11.76 	3	2	769.08 	816.81 	48.71 
64	-12.33 	9.91 	3	3	895.72 	944.78 	63.82 
65	-14.01 	9.60 	3	3	1028.60 	1080.79 	48.96 
66	-17.18 	13.50 	3	1	249.63 	305.87 	47.69 
67	-14.56 	12.50 	3	4	65.47 	125.21 	46.44 
68	-15.98 	11.79 	3	4	506.25 	557.12 	64.53 
69	-14.58 	13.24 	3	2	225.40 	275.90 	63.74 
70	-14.31 	9.48 	3	1	1099.71 	1163.25 	54.40 
71	-18.22 	14.57 	3	1	506.40 	573.35 	56.23 
72	-12.12 	5.87 	3	5	264.25 	322.78 	48.50 
73	-15.34 	7.56 	3	4	213.46 	267.83 	62.90 
74	-16.68 	10.64 	3	1	605.04 	662.36 	47.50 
75	-14.98 	9.74 	3	1	22.42 	82.21 	62.30 
76	15.77 	27.12 	4	4	152.39 	206.84 	54.68 
77	19.40 	27.87 	4	1	1079.20 	1142.68 	57.82 
78	18.59 	30.97 	4	2	1053.59 	1103.69 	50.37 
79	19.81 	23.95 	4	2	887.97 	942.51 	58.12 
80	17.84 	27.91 	4	3	1132.32 	1189.76 	48.56 
81	16.36 	26.52 	4	1	389.38 	434.78 	51.04 
82	17.34 	25.08 	4	4	482.60 	538.00 	45.36 
83	19.96 	27.65 	4	3	1090.12 	1152.50 	56.81 
84	21.36 	26.43 	4	5	56.25 	113.04 	51.55 
85	19.55 	26.18 	4	3	896.09 	941.81 	47.03 
86	18.37 	32.24 	4	1	601.27 	662.79 	56.02 
87	14.53 	33.17 	4	3	484.84 	531.23 	53.52 
88	15.50 	25.03 	4	1	702.82 	762.66 	61.06 
89	18.44 	23.98 	4	3	1061.74 	1123.63 	59.34 
90	12.69 	29.73 	4	4	309.54 	357.18 	50.12 
91	16.38 	23.49 	4	2	664.95 	708.07 	55.19 
92	15.11 	32.40 	4	2	772.57 	831.49 	59.01 
93	14.79 	22.93 	4	3	352.21 	411.10 	47.11 
94	14.76 	32.39 	4	1	572.74 	631.00 	48.96 
95	14.71 	30.19 	4	2	584.14 	636.71 	51.08 
96	21.24 	21.60 	4	2	455.43 	512.07 	61.53 
97	18.18 	20.69 	4	1	161.05 	207.12 	56.48 
98	24.04 	26.83 	4	4	704.99 	754.48 	59.17 
99	17.37 	23.53 	4	4	955.33 	1011.39 	47.21 
100	16.50 	27.54 	4	1	978.70 	1042.17 	63.89 
101	-10.08 	27.22 	5	2	719.36 	780.87 	63.12 
102	-5.02 	33.28 	5	1	218.84 	271.22 	52.72 
103	-0.58 	24.10 	5	3	555.92 	617.61 	52.88 
104	-0.48 	28.68 	5	3	351.31 	405.74 	51.04 
105	-1.46 	24.73 	5	1	1053.03 	1104.41 	53.70 
106	-2.40 	28.49 	5	3	574.61 	633.02 	63.32 
107	-4.71 	27.14 	5	4	269.45 	326.60 	48.35 
108	-1.29 	25.70 	5	1	1159.94 	1215.00 	53.67 
109	-3.60 	28.67 	5	1	869.96 	916.15 	64.42 
110	-1.87 	28.98 	5	5	660.97 	711.28 	55.30 
111	-2.43 	33.75 	5	2	210.32 	264.63 	46.57 
112	4.32 	32.20 	5	2	380.08 	447.65 	52.01 
113	-2.25 	25.99 	5	1	427.40 	487.06 	64.52 
114	-6.21 	30.39 	5	1	102.67 	163.33 	48.77 
115	2.84 	22.76 	5	4	165.11 	225.96 	58.85 
116	-0.72 	30.22 	5	3	403.66 	454.57 	60.21 
117	1.76 	28.10 	5	1	164.42 	222.24 	62.93 
118	-7.35 	23.70 	5	2	674.20 	724.97 	52.59 
119	-3.18 	28.46 	5	2	964.65 	1017.61 	49.59 
120	-1.49 	32.42 	5	2	377.43 	441.75 	54.85 
121	0.03 	34.97 	5	4	712.00 	752.44 	62.28 
122	-0.94 	34.93 	5	4	327.35 	394.23 	64.95 
123	1.51 	28.46 	5	3	496.98 	547.11 	53.63 
124	-0.15 	26.87 	5	3	165.26 	216.05 	55.06 
125	-0.81 	34.20 	5	5	183.46 	229.60 	60.02 
126	31.91 	45.61 	6	3	236.95 	288.04 	63.81 
127	32.69 	44.96 	6	2	316.97 	380.19 	64.70 
128	28.98 	45.50 	6	4	674.27 	728.28 	56.79 
129	32.71 	44.66 	6	4	651.53 	698.77 	60.15 
130	31.14 	44.55 	6	4	1073.16 	1126.15 	47.28 
131	35.74 	47.74 	6	2	1083.54 	1147.62 	52.46 
132	32.63 	45.51 	6	5	790.27 	838.43 	54.42 
133	27.47 	42.94 	6	1	174.96 	230.36 	51.28 
134	31.32 	44.66 	6	3	488.77 	544.27 	53.40 
135	33.71 	46.10 	6	1	86.37 	146.46 	57.03 
136	27.99 	45.06 	6	3	663.93 	709.46 	56.34 
137	28.26 	45.81 	6	2	1124.61 	1171.54 	48.39 
138	28.23 	42.39 	6	4	912.23 	964.34 	60.75 
139	30.94 	46.49 	6	4	1009.59 	1068.56 	45.98 
140	34.48 	44.98 	6	2	190.53 	240.37 	52.62 
141	31.82 	43.19 	6	1	887.84 	943.12 	51.44 
142	33.18 	46.38 	6	1	507.05 	549.56 	49.43 
143	30.55 	43.95 	6	3	471.27 	531.21 	58.36 
144	31.81 	46.55 	6	3	663.89 	724.71 	59.59 
145	30.66 	45.00 	6	1	92.59 	148.40 	45.67 
146	34.66 	44.94 	6	2	493.41 	549.42 	61.09 
147	31.13 	45.73 	6	2	842.31 	899.35 	46.28 
148	31.58 	44.28 	6	4	102.35 	156.08 	54.04 
149	30.80 	43.48 	6	1	889.70 	945.96 	48.56 
150	29.62 	40.68 	6	3	678.64 	732.12 	63.50 
151	10.70 	53.29 	7	1	1023.46 	1081.99 	62.29 
152	6.18 	47.04 	7	4	447.43 	504.84 	45.07 
153	10.23 	44.16 	7	1	1056.81 	1103.27 	47.63 
154	11.02 	44.29 	7	4	651.55 	695.46 	48.30 
155	10.36 	44.49 	7	2	958.57 	1004.52 	48.15 
156	8.91 	48.81 	7	2	435.65 	483.86 	62.73 
157	11.33 	49.16 	7	1	952.51 	1002.99 	51.69 
158	8.69 	52.64 	7	2	541.19 	586.97 	55.81 
159	3.98 	49.11 	7	1	787.16 	844.57 	61.31 
160	13.71 	47.43 	7	5	257.19 	313.35 	49.25 
161	7.62 	49.81 	7	1	396.19 	450.01 	59.62 
162	10.63 	46.98 	7	3	296.70 	344.85 	50.31 
163	9.93 	42.64 	7	3	617.43 	673.68 	64.16 
164	9.66 	47.38 	7	3	588.70 	652.44 	54.68 
165	9.11 	52.64 	7	4	954.66 	1015.66 	62.82 
166	9.44 	43.91 	7	4	902.50 	955.78 	61.86 
167	8.59 	43.98 	7	5	1017.62 	1069.60 	50.53 
168	8.20 	52.94 	7	2	341.26 	398.81 	48.46 
169	15.46 	50.07 	7	2	877.56 	922.15 	47.34 
170	11.32 	47.17 	7	1	27.80 	81.23 	60.50 
171	9.84 	43.19 	7	3	749.63 	802.61 	63.50 
172	7.92 	46.68 	7	2	190.24 	244.17 	56.52 
173	6.58 	43.03 	7	1	346.63 	396.32 	53.05 
174	11.39 	43.22 	7	3	30.39 	90.46 	47.68 
175	4.76 	47.05 	7	3	157.79 	218.14 	48.28 
176	44.67 	63.22 	8	1	639.05 	690.44 	62.07 
177	38.87 	61.59 	8	2	587.04 	643.33 	56.94 
178	48.32 	68.63 	8	4	759.52 	816.10 	52.22 
179	46.50 	59.48 	8	3	370.55 	419.17 	46.12 
180	39.29 	64.71 	8	1	542.98 	600.90 	63.54 
181	40.74 	62.19 	8	4	1036.71 	1084.50 	52.17 
182	47.79 	64.01 	8	1	1067.22 	1121.79 	51.15 
183	47.18 	59.17 	8	1	656.83 	710.78 	59.08 
184	44.30 	61.62 	8	2	970.59 	1022.97 	54.33 
185	41.90 	67.06 	8	4	36.57 	108.86 	45.07 
186	41.80 	64.64 	8	3	869.57 	934.69 	60.96 
187	51.70 	64.94 	8	4	299.45 	352.26 	61.10 
188	51.63 	62.64 	8	2	291.00 	343.02 	50.54 
189	49.40 	63.06 	8	3	345.30 	403.86 	46.58 
190	41.87 	67.14 	8	3	23.16 	83.33 	59.36 
191	39.60 	66.59 	8	3	209.74 	266.53 	51.83 
192	46.01 	62.74 	8	2	599.42 	648.70 	51.97 
193	43.37 	62.22 	8	1	215.47 	273.30 	46.85 
194	43.25 	59.80 	8	5	966.75 	1024.92 	60.66 
195	45.36 	60.90 	8	1	605.23 	650.98 	63.64 
196	47.60 	64.85 	8	2	129.50 	178.46 	47.23 
197	48.64 	62.46 	8	4	898.06 	949.33 	58.84 
198	46.23 	58.24 	8	4	610.56 	658.09 	62.65 
199	41.89 	66.73 	8	3	1067.76 	1115.29 	58.26 
200	38.53 	60.76 	8	2	767.71 	809.19 	59.12 
