24           5              4              1                2             28


1	1	2	0	1200	400	600	30
2	1	3	0	1200	400	600	30
3	2	1	0	1200	400	600	30
4	2	3	0	1200	400	600	30
5	0	5	0	1200	400	600	30


1             33 	-33        1              
2             33 	-33        1             
3             -33 	 33        2              
4             -33 	 33        2             

1	35.99 	-43.12 	1	4	382.52 	402.46 	52.69 
2	59.15 	-40.96 	1	2	406.97 	439.55 	50.37 
3	2.56 	-11.95 	1	2	992.23 	1016.17 	60.16 
4	1.99 	-62.79 	1	3	824.04 	859.62 	64.20 
5	46.21 	-10.04 	1	1	313.63 	347.04 	49.77 
6	53.30 	-16.89 	1	2	185.67 	214.31 	56.52 
7	4.18 	-7.87 	1	3	681.54 	703.89 	51.35 
8	46.48 	-3.93 	1	1	471.83 	495.88 	52.89 
9	21.33 	-35.53 	1	4	1001.19 	1020.11 	51.07 
10	63.19 	-15.60 	1	5	173.83 	195.87 	59.74 
11	32.35 	-64.26 	1	1	933.91 	959.38 	51.87 
12	58.93 	-35.56 	1	3	608.63 	639.78 	49.55 
13	-38.06 	64.52 	2	3	302.46 	316.86 	62.39 
14	-65.59 	29.95 	2	3	588.12 	612.41 	61.42 
15	-56.78 	60.73 	2	1	714.93 	746.79 	60.27 
16	-39.45 	55.58 	2	4	640.18 	679.45 	64.56 
17	-58.88 	22.70 	2	2	480.81 	519.66 	51.30 
18	-25.81 	55.82 	2	3	354.34 	385.15 	55.29 
19	-58.55 	61.23 	2	1	1016.80 	1048.77 	52.32 
20	-44.76 	3.49 	2	2	762.42 	790.55 	58.62 
21	-14.35 	35.23 	2	2	350.27 	385.06 	58.59 
22	-8.64 	50.24 	2	4	773.98 	802.08 	63.68 
23	-34.06 	17.49 	2	1	792.51 	819.79 	54.65 
24	-40.89 	16.76 	2	4	46.99 	71.90 	46.52 
