200           32              24              8               8             216


1	1	2	0	1200	400	600	30
2	1	2	0	1200	400	600	30
3	1	3	0	1200	400	600	30
4	2	2	0	1200	400	600	30
5	2	2	0	1200	400	600	30
6	2	3	0	1200	400	600	30
7	3	1	0	1200	400	600	30
8	3	2	0	1200	400	600	30
9	3	3	0	1200	400	600	30
10	4	2	0	1200	400	600	30
11	4	2	0	1200	400	600	30
12	4	3	0	1200	400	600	30
13	5	2	0	1200	400	600	30
14	5	2	0	1200	400	600	30
15	5	3	0	1200	400	600	30
16	6	1	0	1200	400	600	30
17	6	2	0	1200	400	600	30
18	6	3	0	1200	400	600	30
19	7	2	0	1200	400	600	30
20	7	2	0	1200	400	600	30
21	7	3	0	1200	400	600	30
22	8	2	0	1200	400	600	30
23	8	2	0	1200	400	600	30
24	8	3	0	1200	400	600	30
25	0	5	0	1200	400	600	30
26	0	5	0	1200	400	600	30
27	0	5	0	1200	400	600	30
28	0	5	0	1200	400	600	30
29	0	5	0	1200	400	600	30
30	0	5	0	1200	400	600	30
31	0	5	0	1200	400	600	30
32	0	5	0	1200	400	600	30


1              -110 	110         1              
2              -110 	110         1             
3                0 	110         2              
4                0 	110         2             
5               110          110         3              
6               110          110         3             
7              -110            0          4              
8              -110            0          4             
9               110 	   0         5              
10             110 	   0         5             
11            -110 	-110         6              
12            -110 	-110         6             
13               0          -110         7              
14               0          -110         7            
15              110       -110          8              
16              110       -110          8             


1	-108.84 	84.64 	1	3	591.74 	649.17 	49.74 
2	-97.06 	131.92 	1	5	957.59 	1014.85 	52.90 
3	-134.19 	130.93 	1	2	628.70 	686.61 	63.63 
4	-139.48 	109.63 	1	4	1093.42 	1147.16 	61.74 
5	-135.71 	116.14 	1	2	792.97 	845.75 	50.06 
6	-136.56 	105.76 	1	5	608.98 	672.78 	51.45 
7	-117.68 	81.21 	1	3	1099.97 	1154.68 	50.64 
8	-95.09 	104.93 	1	4	678.55 	724.73 	58.84 
9	-136.64 	120.31 	1	2	1122.48 	1185.62 	45.03 
10	-129.51 	92.63 	1	4	773.53 	829.08 	64.16 
11	-106.98 	101.63 	1	1	299.48 	355.12 	57.65 
12	-91.41 	135.92 	1	1	677.83 	725.79 	63.76 
13	-98.16 	95.18 	1	1	37.78 	94.66 	58.19 
14	-121.99 	81.30 	1	3	943.21 	1003.26 	59.90 
15	-93.67 	103.69 	1	1	61.21 	117.26 	60.98 
16	-115.31 	93.48 	1	3	435.58 	489.76 	54.69 
17	-129.35 	127.74 	1	4	442.42 	499.11 	62.01 
18	-95.46 	96.30 	1	3	69.22 	117.07 	46.65 
19	-133.36 	118.59 	1	2	43.59 	104.88 	59.57 
20	-122.50 	111.89 	1	2	210.57 	263.85 	53.13 
21	-96.37 	111.83 	1	1	847.96 	909.69 	48.50 
22	-123.90 	108.16 	1	3	409.31 	470.39 	64.88 
23	-119.51 	93.16 	1	1	205.04 	265.10 	60.51 
24	-89.29 	87.36 	1	1	491.40 	540.53 	64.65 
25	-133.61 	86.10 	1	2	247.91 	295.96 	60.87 
26	-12.38 	115.36 	2	1	45.13 	86.55 	52.28 
27	-11.13 	113.11 	2	2	1144.91 	1195.51 	49.21 
28	12.52 	113.82 	2	3	386.55 	437.84 	62.96 
29	-21.07 	135.36 	2	1	519.21 	578.31 	48.11 
30	-14.35 	122.57 	2	1	836.86 	899.97 	45.45 
31	15.78 	122.66 	2	4	719.05 	767.62 	50.90 
32	28.24 	89.54 	2	4	1170.44 	1226.45 	62.66 
33	9.62 	96.67 	2	1	1030.12 	1074.15 	55.80 
34	-24.30 	83.47 	2	4	73.03 	128.61 	49.65 
35	18.91 	92.06 	2	3	1062.10 	1124.69 	63.33 
36	-7.72 	126.64 	2	2	455.69 	514.35 	59.84 
37	4.54 	126.11 	2	1	442.96 	493.22 	62.53 
38	-13.84 	120.52 	2	3	274.03 	342.69 	45.62 
39	-5.01 	98.58 	2	2	704.70 	763.34 	64.79 
40	20.53 	101.00 	2	1	992.51 	1042.92 	55.91 
41	12.79 	119.42 	2	1	1056.45 	1113.37 	64.25 
42	-28.35 	127.73 	2	2	651.72 	701.15 	62.85 
43	22.34 	85.04 	2	3	1033.90 	1080.89 	47.82 
44	8.82 	98.94 	2	5	1102.19 	1158.52 	46.99 
45	-23.84 	123.40 	2	4	585.53 	642.12 	59.49 
46	-22.20 	105.26 	2	5	1135.59 	1192.36 	58.02 
47	-11.57 	92.08 	2	2	281.84 	336.78 	64.08 
48	21.00 	99.76 	2	3	688.53 	740.92 	50.17 
49	19.87 	136.67 	2	2	141.38 	194.52 	57.54 
50	24.09 	80.67 	2	3	430.56 	475.53 	54.58 
51	131.02 	83.32 	3	1	788.31 	840.02 	45.55 
52	135.54 	117.99 	3	2	887.05 	942.05 	60.56 
53	100.61 	92.24 	3	4	64.92 	117.81 	54.09 
54	90.64 	92.94 	3	3	72.03 	121.37 	45.99 
55	101.43 	95.89 	3	2	936.01 	990.08 	51.07 
56	90.22 	81.59 	3	1	73.16 	125.54 	52.63 
57	135.59 	83.44 	3	3	253.24 	310.26 	49.70 
58	114.17 	136.86 	3	3	233.16 	289.79 	45.67 
59	110.41 	109.47 	3	3	160.91 	215.31 	51.93 
60	138.01 	96.19 	3	1	786.26 	841.53 	60.79 
61	138.71 	97.00 	3	2	79.29 	137.22 	61.85 
62	86.07 	91.35 	3	5	109.62 	158.05 	47.88 
63	109.10 	120.97 	3	1	47.76 	89.79 	55.66 
64	122.19 	116.53 	3	2	833.54 	884.83 	64.41 
65	139.21 	125.38 	3	2	873.54 	935.58 	53.07 
66	121.79 	128.05 	3	3	565.10 	608.82 	58.47 
67	101.62 	129.55 	3	4	1081.82 	1134.56 	55.49 
68	129.78 	120.79 	3	1	1076.56 	1129.95 	52.01 
69	103.16 	121.03 	3	1	719.29 	771.09 	58.46 
70	124.79 	132.34 	3	2	891.88 	952.73 	54.54 
71	89.71 	84.02 	3	4	284.82 	352.26 	63.63 
72	82.20 	82.15 	3	5	651.09 	705.43 	45.56 
73	105.93 	124.63 	3	3	800.05 	859.59 	57.61 
74	109.30 	111.49 	3	4	83.83 	137.07 	57.82 
75	136.76 	108.67 	3	1	753.11 	799.40 	45.19 
76	-114.71 	-18.76 	4	1	938.02 	990.31 	64.13 
77	-129.24 	-13.50 	4	3	466.71 	513.55 	58.50 
78	-103.40 	14.66 	4	3	248.07 	304.08 	53.80 
79	-139.63 	27.46 	4	2	538.17 	592.14 	63.86 
80	-133.03 	-22.74 	4	3	1036.17 	1083.27 	48.53 
81	-127.19 	10.53 	4	2	43.87 	105.12 	47.22 
82	-139.13 	8.95 	4	5	1129.95 	1176.03 	58.98 
83	-109.08 	7.52 	4	1	1100.02 	1156.52 	47.85 
84	-92.73 	-29.24 	4	1	361.40 	415.35 	62.99 
85	-90.21 	25.88 	4	5	431.36 	478.24 	47.91 
86	-104.93 	3.72 	4	2	475.06 	522.62 	52.61 
87	-127.78 	-24.42 	4	5	1048.57 	1104.40 	63.15 
88	-126.21 	9.80 	4	5	61.91 	115.39 	46.04 
89	-107.52 	26.17 	4	3	1106.99 	1165.51 	46.49 
90	-122.88 	29.42 	4	2	275.25 	326.49 	61.53 
91	-136.08 	-13.88 	4	2	359.01 	413.02 	57.69 
92	-117.89 	29.21 	4	1	594.49 	650.47 	46.17 
93	-86.96 	-13.78 	4	3	720.86 	762.92 	56.76 
94	-106.20 	-27.79 	4	4	1126.34 	1182.22 	49.40 
95	-110.17 	-1.85 	4	3	968.21 	1019.98 	49.72 
96	-92.87 	-27.00 	4	1	1111.53 	1172.08 	63.84 
97	-111.12 	-13.92 	4	2	981.23 	1025.09 	62.21 
98	-97.07 	-16.53 	4	1	460.31 	518.48 	55.70 
99	-94.71 	3.59 	4	5	652.79 	709.09 	58.84 
100	-95.31 	5.68 	4	1	1074.27 	1135.63 	55.07 
101	80.05 	-12.82 	5	3	819.74 	867.66 	56.46 
102	81.72 	24.33 	5	1	98.12 	152.18 	54.23 
103	138.25 	-3.43 	5	1	1118.53 	1170.16 	51.47 
104	120.56 	15.38 	5	1	79.40 	127.53 	62.30 
105	119.49 	-23.46 	5	2	814.32 	875.01 	62.86 
106	112.50 	5.70 	5	4	239.40 	297.17 	58.49 
107	107.47 	-4.85 	5	3	638.23 	704.82 	59.44 
108	132.74 	-14.29 	5	3	297.86 	346.78 	57.32 
109	132.46 	7.86 	5	3	243.95 	297.73 	59.95 
110	125.43 	22.93 	5	3	568.72 	627.27 	52.77 
111	123.41 	29.61 	5	1	375.81 	429.08 	56.25 
112	112.95 	25.29 	5	2	1156.02 	1209.12 	49.40 
113	125.63 	-4.62 	5	4	200.85 	247.77 	54.14 
114	94.11 	-20.32 	5	2	1059.09 	1116.20 	54.19 
115	126.50 	0.15 	5	1	888.14 	941.42 	49.08 
116	86.07 	-16.89 	5	5	842.02 	887.92 	54.51 
117	87.92 	-10.38 	5	3	51.73 	99.23 	49.32 
118	90.02 	28.34 	5	4	234.31 	289.48 	58.20 
119	87.44 	-4.41 	5	2	697.79 	746.34 	56.75 
120	136.95 	-26.43 	5	1	201.24 	258.44 	54.89 
121	87.19 	-6.16 	5	1	760.14 	815.88 	58.33 
122	111.61 	-8.52 	5	5	821.39 	879.59 	45.54 
123	85.62 	24.68 	5	2	582.05 	630.57 	64.67 
124	86.52 	-15.64 	5	4	125.34 	189.81 	64.55 
125	114.55 	-26.82 	5	2	873.65 	921.43 	47.65 
126	-89.53 	-135.35 	6	2	126.65 	187.49 	63.71 
127	-99.96 	-118.08 	6	3	226.73 	279.99 	53.84 
128	-86.92 	-122.51 	6	4	1105.44 	1150.83 	56.85 
129	-98.27 	-130.02 	6	2	373.39 	419.79 	48.60 
130	-122.95 	-137.24 	6	4	445.63 	506.82 	56.76 
131	-121.46 	-135.56 	6	3	321.48 	371.61 	54.60 
132	-106.93 	-108.59 	6	4	161.65 	218.13 	53.35 
133	-133.15 	-88.15 	6	2	96.14 	145.73 	57.61 
134	-103.44 	-99.56 	6	5	615.54 	666.05 	46.04 
135	-82.86 	-137.50 	6	2	1001.44 	1055.17 	51.19 
136	-87.46 	-101.58 	6	3	493.61 	542.14 	62.66 
137	-101.92 	-116.77 	6	1	107.72 	170.03 	58.20 
138	-113.45 	-89.03 	6	1	260.47 	304.46 	62.65 
139	-110.66 	-138.45 	6	2	1072.31 	1126.61 	64.48 
140	-114.86 	-130.16 	6	2	248.56 	297.46 	60.39 
141	-118.00 	-115.29 	6	5	176.36 	228.55 	64.23 
142	-100.35 	-81.26 	6	3	829.62 	886.18 	46.76 
143	-109.33 	-106.09 	6	1	109.51 	166.11 	57.03 
144	-84.81 	-137.46 	6	1	732.09 	791.83 	48.95 
145	-136.20 	-91.23 	6	3	531.22 	581.15 	45.61 
146	-122.20 	-81.26 	6	1	740.03 	799.59 	63.62 
147	-102.00 	-106.41 	6	3	768.19 	832.08 	45.57 
148	-92.35 	-83.43 	6	1	478.02 	532.20 	63.34 
149	-86.32 	-114.11 	6	4	1036.62 	1098.41 	63.98 
150	-106.28 	-99.98 	6	1	1033.29 	1082.94 	56.77 
151	24.46 	-114.42 	7	2	888.88 	944.62 	62.66 
152	-18.85 	-90.57 	7	2	1134.64 	1185.89 	54.15 
153	14.48 	-112.95 	7	2	435.42 	494.74 	50.03 
154	-3.04 	-108.15 	7	1	334.24 	383.75 	51.93 
155	0.45 	-85.59 	7	4	935.27 	988.27 	57.90 
156	5.98 	-109.99 	7	3	395.64 	434.96 	50.29 
157	2.88 	-95.51 	7	2	384.93 	433.53 	46.94 
158	-19.74 	-134.62 	7	5	307.54 	354.36 	52.98 
159	-16.94 	-117.85 	7	3	529.05 	588.72 	63.99 
160	-14.96 	-125.82 	7	4	1048.19 	1106.64 	53.83 
161	-26.37 	-94.24 	7	1	783.54 	848.98 	61.53 
162	-7.17 	-135.53 	7	4	463.83 	513.03 	64.40 
163	-28.65 	-82.46 	7	3	1052.95 	1105.16 	47.20 
164	1.75 	-134.79 	7	1	715.74 	776.82 	61.14 
165	25.53 	-89.89 	7	4	956.90 	1021.42 	49.02 
166	2.37 	-83.02 	7	4	940.93 	1003.44 	57.08 
167	-11.81 	-133.62 	7	3	1041.38 	1091.85 	60.16 
168	16.45 	-118.75 	7	3	342.02 	394.47 	47.44 
169	26.95 	-83.55 	7	4	746.27 	802.20 	50.61 
170	-24.82 	-124.82 	7	1	69.05 	130.18 	62.05 
171	21.42 	-137.31 	7	1	774.71 	827.76 	63.80 
172	-16.44 	-87.27 	7	3	596.85 	654.90 	59.91 
173	-26.72 	-139.56 	7	2	140.36 	191.79 	58.67 
174	27.06 	-88.08 	7	1	309.21 	363.77 	45.15 
175	-14.23 	-113.79 	7	2	685.08 	737.85 	51.76 
176	101.50 	-85.01 	8	3	954.67 	1015.81 	64.29 
177	97.52 	-109.43 	8	3	178.47 	228.86 	50.93 
178	110.34 	-100.28 	8	3	773.76 	830.07 	53.60 
179	80.04 	-96.84 	8	2	996.50 	1049.59 	45.51 
180	81.27 	-122.00 	8	4	1069.97 	1124.97 	57.01 
181	113.21 	-83.25 	8	4	657.44 	703.88 	51.02 
182	91.98 	-90.66 	8	3	1027.15 	1085.78 	57.99 
183	103.93 	-128.74 	8	5	600.70 	648.41 	51.29 
184	119.11 	-128.76 	8	5	1143.53 	1201.49 	56.77 
185	103.59 	-125.63 	8	1	790.04 	844.75 	46.70 
186	111.61 	-113.53 	8	1	1049.56 	1095.39 	52.34 
187	80.88 	-95.75 	8	5	37.18 	92.13 	52.54 
188	83.36 	-108.03 	8	3	1101.38 	1157.18 	49.17 
189	127.61 	-85.63 	8	1	349.07 	398.21 	56.82 
190	134.79 	-87.58 	8	2	463.06 	518.34 	63.26 
191	82.39 	-98.33 	8	2	688.03 	738.13 	57.49 
192	138.00 	-90.67 	8	1	223.32 	279.01 	56.80 
193	93.32 	-126.32 	8	2	321.06 	366.48 	48.82 
194	124.67 	-113.08 	8	4	361.71 	416.50 	61.94 
195	137.83 	-122.85 	8	3	825.90 	890.94 	47.54 
196	136.52 	-123.78 	8	1	1054.42 	1118.97 	47.22 
197	134.68 	-125.34 	8	1	852.81 	910.59 	57.44 
198	106.61 	-80.42 	8	2	297.10 	358.44 	52.19 
199	129.39 	-139.86 	8	5	539.33 	586.23 	47.31 
200	136.23 	-81.13 	8	2	213.82 	262.93 	60.72 
