200           32              24              8               8             216


1	1	2	0	1200	400	600	30
2	1	2	0	1200	400	600	30
3	1	3	0	1200	400	600	30
4	2	2	0	1200	400	600	30
5	2	2	0	1200	400	600	30
6	2	3	0	1200	400	600	30
7	3	1	0	1200	400	600	30
8	3	2	0	1200	400	600	30
9	3	3	0	1200	400	600	30
10	4	2	0	1200	400	600	30
11	4	2	0	1200	400	600	30
12	4	3	0	1200	400	600	30
13	5	2	0	1200	400	600	30
14	5	2	0	1200	400	600	30
15	5	3	0	1200	400	600	30
16	6	1	0	1200	400	600	30
17	6	2	0	1200	400	600	30
18	6	3	0	1200	400	600	30
19	7	2	0	1200	400	600	30
20	7	2	0	1200	400	600	30
21	7	3	0	1200	400	600	30
22	8	2	0	1200	400	600	30
23	8	2	0	1200	400	600	30
24	8	3	0	1200	400	600	30
25	0	5	0	1200	400	600	30
26	0	5	0	1200	400	600	30
27	0	5	0	1200	400	600	30
28	0	5	0	1200	400	600	30
29	0	5	0	1200	400	600	30
30	0	5	0	1200	400	600	30
31	0	5	0	1200	400	600	30
32	0	5	0	1200	400	600	30


1              -110 	110         1              
2              -110 	110         1             
3                0 	110         2              
4                0 	110         2             
5               110          110         3              
6               110          110         3             
7              -110            0          4              
8              -110            0          4             
9               110 	   0         5              
10             110 	   0         5             
11            -110 	-110         6              
12            -110 	-110         6             
13               0          -110         7              
14               0          -110         7            
15              110       -110          8             
16              110       -110          8             


1	-86.31 	125.90 	1	2	122.73 	156.29 	46.89 
2	-80.20 	122.58 	1	3	661.35 	689.13 	52.29 
3	-128.99 	87.95 	1	1	408.23 	433.34 	55.08 
4	-102.33 	127.11 	1	5	275.77 	294.99 	48.33 
5	-88.59 	90.63 	1	3	849.45 	879.59 	57.49 
6	-80.09 	102.82 	1	1	1158.38 	1178.44 	46.84 
7	-92.38 	118.65 	1	5	351.19 	365.60 	57.04 
8	-135.01 	87.61 	1	1	558.75 	581.87 	56.11 
9	-106.29 	120.03 	1	2	162.01 	190.77 	48.83 
10	-94.77 	127.20 	1	1	802.41 	837.41 	47.54 
11	-81.16 	99.13 	1	5	119.40 	144.70 	51.44 
12	-95.38 	92.32 	1	2	814.20 	835.75 	48.94 
13	-135.71 	93.22 	1	1	934.61 	961.64 	48.72 
14	-103.21 	137.45 	1	3	759.47 	790.91 	64.66 
15	-83.45 	109.21 	1	1	1099.67 	1116.44 	53.24 
16	-137.56 	107.76 	1	1	378.14 	415.94 	56.43 
17	-108.98 	115.78 	1	3	565.50 	597.90 	50.22 
18	-113.19 	124.47 	1	2	342.31 	367.14 	64.23 
19	-85.94 	135.57 	1	5	238.41 	263.74 	48.47 
20	-119.63 	128.60 	1	4	625.47 	661.00 	64.95 
21	-80.79 	116.21 	1	5	841.97 	864.12 	59.91 
22	-94.64 	97.49 	1	3	750.22 	774.61 	53.32 
23	-126.06 	115.63 	1	2	504.24 	524.96 	59.42 
24	-120.90 	96.48 	1	2	570.00 	604.92 	57.76 
25	-110.52 	121.43 	1	3	402.60 	433.24 	56.50 
26	27.46 	111.23 	2	1	790.68 	818.21 	52.82 
27	-4.95 	116.78 	2	5	130.52 	162.36 	47.58 
28	22.73 	135.33 	2	3	890.51 	922.80 	59.86 
29	-8.98 	131.24 	2	3	545.17 	575.38 	59.54 
30	-26.92 	91.30 	2	5	1040.19 	1083.44 	60.29 
31	-8.69 	108.78 	2	1	921.79 	961.37 	48.19 
32	-25.22 	126.28 	2	2	468.37 	493.41 	47.79 
33	17.47 	138.65 	2	4	808.18 	831.57 	56.45 
34	9.05 	126.78 	2	3	287.51 	318.03 	49.94 
35	6.35 	88.88 	2	3	563.61 	588.03 	45.67 
36	17.10 	92.16 	2	1	692.75 	724.38 	48.83 
37	-9.11 	110.00 	2	5	543.11 	569.51 	52.40 
38	24.08 	116.84 	2	1	576.07 	611.30 	48.37 
39	2.41 	84.29 	2	5	1174.18 	1194.28 	53.06 
40	21.26 	133.44 	2	1	948.87 	983.17 	51.98 
41	24.72 	100.54 	2	2	285.16 	312.90 	50.19 
42	-12.54 	131.75 	2	5	1017.23 	1044.49 	55.93 
43	3.31 	87.17 	2	2	808.12 	829.51 	58.76 
44	20.65 	115.05 	2	2	786.83 	814.17 	53.58 
45	29.36 	95.69 	2	1	830.20 	858.32 	48.13 
46	17.03 	103.14 	2	2	627.00 	637.64 	50.98 
47	-12.67 	87.82 	2	2	420.72 	437.62 	54.70 
48	-29.44 	127.89 	2	3	360.71 	395.67 	48.08 
49	-10.72 	96.35 	2	3	881.31 	917.46 	64.85 
50	-24.62 	80.99 	2	1	501.38 	518.16 	63.00 
51	116.91 	112.65 	3	1	63.51 	79.52 	46.00 
52	132.88 	98.82 	3	1	1129.74 	1162.36 	53.51 
53	108.21 	102.17 	3	1	1137.65 	1161.95 	45.94 
54	119.03 	83.44 	3	1	732.58 	750.81 	62.76 
55	126.86 	127.71 	3	2	551.91 	574.82 	64.50 
56	95.00 	86.10 	3	3	273.26 	295.14 	57.29 
57	102.84 	106.86 	3	5	456.02 	496.32 	50.44 
58	105.25 	106.22 	3	2	713.39 	741.20 	63.26 
59	81.47 	125.65 	3	2	286.42 	311.39 	58.94 
60	87.01 	129.11 	3	2	888.31 	909.08 	59.71 
61	125.03 	126.52 	3	2	521.75 	549.10 	45.68 
62	83.86 	136.03 	3	5	1176.09 	1208.18 	49.08 
63	129.55 	118.40 	3	3	954.61 	971.86 	50.65 
64	109.85 	81.01 	3	2	165.28 	188.82 	57.59 
65	103.33 	85.23 	3	5	207.96 	236.94 	50.31 
66	121.57 	110.40 	3	3	963.16 	991.58 	61.14 
67	110.02 	98.76 	3	1	613.08 	645.87 	60.02 
68	133.68 	106.55 	3	1	543.80 	580.55 	59.40 
69	98.77 	119.58 	3	3	1157.50 	1184.76 	53.53 
70	105.92 	83.27 	3	4	305.79 	335.61 	64.32 
71	122.64 	132.35 	3	3	62.00 	85.16 	54.58 
72	97.03 	82.84 	3	5	895.87 	928.75 	49.92 
73	107.11 	101.15 	3	1	668.26 	692.40 	51.60 
74	83.38 	125.61 	3	3	895.18 	927.53 	61.65 
75	104.40 	125.05 	3	5	360.37 	389.36 	55.96 
76	-123.98 	-6.05 	4	2	502.02 	521.25 	54.38 
77	-119.96 	-26.47 	4	2	364.85 	391.66 	46.23 
78	-108.28 	7.67 	4	3	936.78 	958.48 	46.90 
79	-123.91 	17.43 	4	1	448.56 	474.96 	57.85 
80	-133.26 	17.05 	4	3	373.71 	394.14 	64.77 
81	-91.46 	-2.66 	4	2	598.71 	621.81 	60.64 
82	-125.25 	-9.77 	4	3	662.27 	686.42 	47.69 
83	-108.06 	-26.93 	4	2	700.55 	719.19 	60.21 
84	-118.77 	-12.46 	4	1	587.25 	615.34 	58.60 
85	-113.12 	-16.20 	4	1	1048.44 	1079.81 	50.26 
86	-119.78 	18.56 	4	3	494.30 	520.87 	58.91 
87	-86.08 	9.23 	4	3	106.47 	124.77 	47.66 
88	-135.04 	-2.23 	4	5	593.17 	614.67 	45.35 
89	-138.29 	-25.17 	4	1	171.03 	194.60 	64.93 
90	-139.01 	-4.71 	4	1	43.02 	65.17 	53.45 
91	-93.43 	-22.04 	4	1	236.49 	268.53 	60.11 
92	-119.62 	-23.31 	4	4	454.49 	481.85 	57.81 
93	-117.41 	24.07 	4	1	694.02 	708.77 	47.40 
94	-104.17 	-18.64 	4	2	135.72 	161.68 	56.23 
95	-103.11 	-29.50 	4	5	599.64 	619.05 	56.32 
96	-110.70 	27.19 	4	3	446.22 	480.91 	49.82 
97	-130.68 	8.92 	4	5	803.18 	821.89 	55.52 
98	-101.25 	-21.41 	4	2	247.35 	275.35 	61.87 
99	-108.78 	13.72 	4	5	601.96 	622.33 	57.88 
100	-111.63 	25.47 	4	5	605.69 	631.20 	50.80 
101	133.64 	19.08 	5	3	843.14 	872.68 	60.48 
102	110.00 	7.45 	5	1	86.55 	114.54 	63.13 
103	134.79 	10.46 	5	1	998.05 	1016.81 	56.49 
104	105.38 	-3.70 	5	5	964.04 	987.14 	55.30 
105	101.64 	-12.69 	5	3	539.58 	565.74 	62.84 
106	113.99 	-20.17 	5	2	332.74 	365.25 	64.62 
107	85.93 	-19.17 	5	1	1037.54 	1064.31 	45.63 
108	84.15 	11.69 	5	2	924.56 	948.61 	51.53 
109	115.12 	-11.32 	5	5	121.92 	152.63 	55.41 
110	130.66 	-20.29 	5	1	473.96 	506.27 	60.11 
111	133.43 	15.86 	5	3	259.29 	291.67 	58.05 
112	121.88 	-0.23 	5	5	777.93 	799.07 	50.80 
113	124.75 	-9.79 	5	2	853.38 	872.19 	48.57 
114	90.93 	-14.82 	5	2	912.84 	937.60 	64.27 
115	82.58 	-15.37 	5	1	64.11 	83.80 	63.91 
116	107.73 	2.67 	5	3	736.01 	770.23 	60.75 
117	100.42 	-7.65 	5	2	1120.93 	1146.90 	56.19 
118	139.57 	-20.22 	5	5	815.62 	838.50 	55.37 
119	107.14 	-17.77 	5	4	512.83 	539.12 	64.63 
120	131.72 	19.12 	5	1	261.87 	280.73 	57.51 
121	121.12 	6.57 	5	3	865.31 	885.71 	49.91 
122	111.89 	-25.51 	5	2	711.05 	726.13 	51.92 
123	117.44 	3.74 	5	3	1036.74 	1057.71 	64.12 
124	112.17 	13.78 	5	1	448.16 	474.72 	57.68 
125	125.48 	15.60 	5	5	452.94 	465.26 	48.35 
126	-133.62 	-90.52 	6	3	377.24 	411.95 	64.55 
127	-124.12 	-117.08 	6	2	505.84 	536.56 	56.90 
128	-94.67 	-97.91 	6	3	831.70 	867.04 	48.65 
129	-103.10 	-93.99 	6	3	1017.88 	1040.48 	51.95 
130	-103.98 	-108.87 	6	3	353.19 	368.93 	62.58 
131	-80.03 	-100.56 	6	1	597.67 	621.27 	54.24 
132	-129.77 	-131.63 	6	2	950.11 	985.63 	50.19 
133	-113.05 	-115.43 	6	2	850.88 	875.05 	51.59 
134	-112.49 	-82.96 	6	5	352.99 	374.76 	55.01 
135	-85.50 	-121.64 	6	2	602.45 	628.16 	55.27 
136	-128.34 	-114.43 	6	2	913.77 	945.36 	60.48 
137	-116.46 	-128.97 	6	1	573.24 	590.54 	59.29 
138	-119.20 	-115.32 	6	5	475.40 	496.46 	50.45 
139	-125.69 	-93.78 	6	4	1081.24 	1106.81 	54.98 
140	-87.56 	-135.57 	6	1	964.30 	991.76 	63.60 
141	-122.91 	-100.16 	6	1	993.87 	1014.74 	61.52 
142	-87.49 	-84.05 	6	2	440.67 	463.50 	63.00 
143	-82.76 	-128.71 	6	1	446.02 	478.82 	52.94 
144	-82.53 	-111.11 	6	3	1055.66 	1070.70 	50.32 
145	-112.43 	-109.90 	6	5	955.94 	987.04 	55.95 
146	-87.08 	-114.97 	6	5	421.81 	446.57 	57.19 
147	-113.36 	-131.81 	6	5	1040.97 	1068.45 	48.26 
148	-133.37 	-101.00 	6	1	273.78 	288.42 	63.98 
149	-139.64 	-113.45 	6	1	1072.16 	1100.27 	48.75 
150	-96.54 	-120.09 	6	3	778.75 	790.76 	45.73 
151	-1.87 	-83.29 	7	3	507.26 	539.95 	63.54 
152	-7.79 	-125.51 	7	4	584.48 	615.84 	60.18 
153	20.99 	-109.06 	7	1	327.68 	352.43 	63.27 
154	-23.34 	-103.97 	7	1	701.28 	729.12 	60.21 
155	-16.23 	-102.33 	7	5	964.05 	987.57 	54.97 
156	-2.78 	-83.41 	7	2	451.41 	472.58 	51.14 
157	-27.92 	-100.40 	7	3	273.30 	300.99 	54.97 
158	-3.63 	-134.69 	7	5	77.00 	111.24 	61.71 
159	-23.18 	-117.53 	7	3	1123.85 	1144.84 	59.80 
160	-13.63 	-121.90 	7	2	336.88 	351.19 	54.87 
161	-15.13 	-95.88 	7	5	1131.56 	1148.78 	46.20 
162	17.06 	-92.48 	7	2	891.42 	912.30 	63.19 
163	29.69 	-81.91 	7	1	472.70 	495.52 	49.63 
164	-2.65 	-103.68 	7	2	1098.19 	1133.08 	64.49 
165	24.21 	-98.50 	7	2	1091.20 	1114.22 	55.03 
166	28.68 	-92.19 	7	1	128.16 	151.43 	64.36 
167	14.54 	-134.07 	7	1	506.45 	541.02 	50.30 
168	5.49 	-124.54 	7	3	1071.98 	1094.59 	61.11 
169	-13.34 	-133.45 	7	4	805.88 	825.94 	53.35 
170	-28.79 	-108.06 	7	5	826.08 	864.66 	52.99 
171	25.69 	-96.12 	7	1	950.28 	977.28 	45.64 
172	29.53 	-114.05 	7	3	368.67 	393.28 	61.37 
173	4.97 	-139.41 	7	5	667.57 	704.61 	48.18 
174	-27.27 	-126.97 	7	3	997.37 	1034.69 	64.08 
175	3.71 	-137.76 	7	2	685.07 	718.51 	51.10 
176	83.84 	-81.56 	8	5	62.02 	71.48 	52.04 
177	138.58 	-113.75 	8	5	331.53 	352.15 	58.89 
178	84.38 	-110.42 	8	3	267.59 	299.55 	50.80 
179	128.38 	-122.32 	8	2	493.02 	518.98 	51.06 
180	130.56 	-97.44 	8	3	218.48 	245.17 	57.44 
181	118.24 	-110.37 	8	3	271.80 	294.11 	54.15 
182	114.63 	-129.25 	8	1	900.56 	929.70 	60.19 
183	139.77 	-138.94 	8	3	800.32 	829.95 	58.65 
184	126.83 	-82.19 	8	1	79.56 	91.13 	53.49 
185	138.55 	-84.58 	8	3	819.20 	843.12 	58.55 
186	80.96 	-138.02 	8	2	1110.19 	1132.90 	60.34 
187	129.01 	-104.65 	8	2	1015.70 	1041.85 	45.88 
188	117.71 	-87.14 	8	2	133.58 	151.50 	46.15 
189	85.26 	-125.45 	8	5	642.46 	669.91 	62.57 
190	131.26 	-103.31 	8	4	226.15 	250.11 	56.84 
191	125.32 	-91.78 	8	5	346.78 	371.47 	62.40 
192	138.46 	-97.16 	8	2	194.02 	216.68 	56.54 
193	105.56 	-121.55 	8	1	479.55 	508.38 	62.06 
194	101.46 	-90.25 	8	4	282.06 	299.49 	47.83 
195	82.22 	-112.24 	8	1	339.51 	355.87 	61.08 
196	84.11 	-101.92 	8	1	998.44 	1020.13 	53.82 
197	97.61 	-91.90 	8	3	1038.80 	1062.68 	58.20 
198	83.45 	-128.68 	8	5	296.15 	329.56 	51.15 
199	116.69 	-103.85 	8	1	100.95 	130.06 	55.31 
200	113.02 	-94.31 	8	2	493.75 	516.12 	45.07 
