200           32              24              8                4             208

1	1	1	0	1200	400	600	30
2	1	1	0	1200	400	600	30
3	1	2	0	1200	400	600	30
4	1	2	0	1200	400	600	30
5	1	3	0	1200	400	600	30
6	1	3	0	1200	400	600	30
7	2	1	0	1200	400	600	30
8	2	1	0	1200	400	600	30
9	2	2	0	1200	400	600	30
10	2	2	0	1200	400	600	30
11	2	3	0	1200	400	600	30
12	2	3	0	1200	400	600	30
13	3	1	0	1200	400	600	30
14	3	1	0	1200	400	600	30
15	3	2	0	1200	400	600	30
16	3	2	0	1200	400	600	30
17	3	3	0	1200	400	600	30
18	3	3	0	1200	400	600	30
19	4	1	0	1200	400	600	30
20	4	1	0	1200	400	600	30
21	4	2	0	1200	400	600	30
22	4	2	0	1200	400	600	30
23	4	3	0	1200	400	600	30
24	4	3	0	1200	400	600	30
25	0	5	0	1200	400	600	30
26	0	5	0	1200	400	600	30
27	0	5	0	1200	400	600	30
28	0	5	0	1200	400	600	30
29	0	5	0	1200	400	600	30
30	0	5	0	1200	400	600	30
31	0	5	0	1200	400	600	30
32	0	5	0	1200	400	600	30


1              0 	75        1              
2              0 	75        1             
3              75 	  0        2              
4              75 	  0        2             
5               0            -75        3              
6               0            -75        3             
7              -75             0        4              
8              -75             0        4             


1	-20.42 	82.47 	1	1	942.22 	991.63 	52.68 
2	11.65 	88.00 	1	2	623.41 	676.28 	62.20 
3	8.50 	72.17 	1	5	642.49 	694.61 	50.71 
4	-14.62 	42.24 	1	3	624.19 	670.98 	59.85 
5	21.16 	108.86 	1	3	358.41 	419.21 	63.31 
6	-32.93 	69.94 	1	2	873.98 	936.00 	59.84 
7	18.50 	52.68 	1	4	749.82 	802.70 	46.97 
8	-24.60 	56.33 	1	2	984.13 	1034.32 	53.07 
9	6.61 	100.92 	1	1	68.23 	129.36 	52.32 
10	26.05 	88.96 	1	1	635.42 	688.08 	63.75 
11	-26.91 	68.92 	1	2	914.21 	972.99 	56.91 
12	20.88 	70.61 	1	3	320.53 	376.96 	48.60 
13	27.23 	50.79 	1	1	113.47 	174.84 	54.97 
14	33.40 	106.96 	1	3	926.93 	971.27 	58.06 
15	-10.42 	80.86 	1	5	946.53 	998.83 	62.91 
16	-0.83 	96.47 	1	1	991.45 	1037.26 	59.38 
17	3.55 	80.02 	1	1	1000.39 	1045.58 	58.33 
18	21.55 	52.78 	1	3	780.51 	839.23 	49.42 
19	20.93 	67.36 	1	2	663.02 	715.11 	47.18 
20	-32.89 	81.41 	1	1	21.95 	84.42 	47.48 
21	-15.41 	56.45 	1	1	893.88 	942.35 	60.92 
22	-28.07 	73.97 	1	3	672.72 	720.99 	45.88 
23	-34.27 	79.95 	1	4	701.61 	751.09 	51.86 
24	-1.20 	98.60 	1	3	814.03 	868.80 	59.23 
25	-12.20 	70.30 	1	2	503.75 	560.98 	56.72 
26	10.31 	101.61 	1	4	266.28 	320.18 	50.49 
27	-15.80 	84.42 	1	3	143.40 	192.11 	56.05 
28	31.17 	92.22 	1	3	550.31 	615.54 	60.95 
29	-27.06 	89.56 	1	2	943.75 	987.10 	53.27 
30	34.78 	40.27 	1	3	1090.63 	1138.98 	51.46 
31	5.46 	94.82 	1	1	81.74 	128.14 	53.24 
32	1.63 	94.50 	1	4	44.93 	97.27 	58.36 
33	33.92 	61.14 	1	5	1094.12 	1152.98 	62.28 
34	14.05 	105.43 	1	4	53.61 	93.84 	64.04 
35	-4.02 	92.68 	1	3	979.22 	1024.85 	55.71 
36	-13.68 	51.33 	1	3	930.64 	985.40 	55.94 
37	3.14 	73.54 	1	2	77.24 	128.26 	56.99 
38	-30.64 	100.18 	1	2	264.66 	314.94 	63.76 
39	-8.66 	100.58 	1	2	263.09 	326.90 	62.40 
40	-1.05 	78.87 	1	4	273.16 	328.63 	54.11 
41	-4.69 	87.23 	1	1	677.56 	735.61 	55.23 
42	9.32 	46.49 	1	4	816.16 	869.03 	58.44 
43	8.86 	88.75 	1	2	829.60 	876.97 	46.81 
44	25.53 	53.68 	1	1	625.46 	682.25 	48.16 
45	-10.33 	95.11 	1	4	1031.20 	1077.69 	46.20 
46	19.73 	79.22 	1	4	1121.75 	1168.19 	45.65 
47	-28.01 	80.04 	1	2	51.97 	108.18 	60.38 
48	-32.17 	44.83 	1	4	1046.09 	1099.69 	57.59 
49	-2.81 	43.46 	1	1	717.58 	773.00 	56.43 
50	-22.50 	83.38 	1	4	758.93 	812.99 	54.39 
51	99.99 	-26.62 	2	3	1077.42 	1132.04 	45.95 
52	59.55 	-25.93 	2	5	880.08 	946.79 	58.47 
53	71.63 	-27.59 	2	2	136.75 	186.69 	57.52 
54	55.95 	-29.33 	2	4	1169.89 	1226.14 	63.67 
55	58.98 	-27.10 	2	2	973.47 	1027.83 	50.63 
56	78.27 	-27.81 	2	1	660.05 	715.59 	49.25 
57	56.20 	4.51 	2	4	20.20 	82.63 	57.18 
58	40.20 	22.77 	2	1	837.24 	900.33 	51.47 
59	74.04 	23.65 	2	2	527.68 	583.68 	50.65 
60	96.70 	7.23 	2	2	262.05 	308.35 	59.36 
61	95.27 	-34.16 	2	3	50.63 	107.03 	47.67 
62	101.77 	0.25 	2	5	457.12 	513.37 	51.24 
63	53.28 	8.21 	2	3	259.23 	316.18 	54.22 
64	40.42 	7.97 	2	3	553.26 	614.10 	46.29 
65	93.22 	-19.01 	2	1	1044.77 	1102.95 	55.58 
66	50.25 	-3.48 	2	3	1107.94 	1154.81 	47.68 
67	85.65 	-34.72 	2	2	335.21 	385.46 	52.78 
68	53.95 	22.44 	2	2	486.99 	531.56 	59.28 
69	93.54 	15.64 	2	4	1039.38 	1092.78 	60.54 
70	52.84 	21.41 	2	2	534.79 	587.49 	59.31 
71	93.36 	-13.60 	2	4	601.82 	658.12 	61.20 
72	93.41 	22.25 	2	3	1089.72 	1149.87 	59.14 
73	80.84 	-2.24 	2	2	46.38 	108.47 	64.66 
74	86.37 	-23.37 	2	4	120.00 	173.84 	58.50 
75	98.66 	-26.15 	2	3	517.93 	572.96 	64.40 
76	105.17 	22.83 	2	2	587.99 	631.49 	64.79 
77	87.30 	-11.21 	2	1	790.17 	846.04 	61.80 
78	72.80 	-20.26 	2	5	408.04 	460.44 	51.30 
79	69.22 	28.39 	2	1	1009.81 	1066.02 	57.93 
80	98.29 	-12.56 	2	1	457.93 	518.26 	58.56 
81	89.19 	-22.38 	2	3	409.10 	461.68 	54.98 
82	102.05 	-19.49 	2	2	34.85 	84.46 	64.27 
83	63.60 	-6.66 	2	3	776.75 	835.47 	55.11 
84	67.96 	-20.25 	2	4	615.55 	668.69 	62.63 
85	87.62 	7.09 	2	1	786.06 	829.53 	57.14 
86	87.28 	-16.42 	2	4	605.65 	659.85 	63.22 
87	104.16 	34.58 	2	3	929.38 	975.40 	60.80 
88	89.16 	-26.62 	2	1	210.16 	267.05 	49.76 
89	74.91 	20.30 	2	1	1143.97 	1190.42 	59.27 
90	73.16 	33.33 	2	4	909.81 	970.69 	55.16 
91	49.71 	-32.14 	2	2	405.79 	457.10 	45.30 
92	107.12 	12.31 	2	4	1073.72 	1122.08 	50.21 
93	47.25 	1.81 	2	1	619.64 	672.48 	56.69 
94	61.82 	18.73 	2	3	1030.92 	1098.80 	51.14 
95	83.25 	-28.26 	2	1	78.13 	134.12 	59.59 
96	46.47 	-10.53 	2	1	755.13 	814.72 	48.81 
97	54.96 	-31.49 	2	4	94.41 	146.43 	49.66 
98	46.07 	28.02 	2	2	589.90 	644.63 	60.68 
99	63.78 	21.38 	2	3	688.42 	746.69 	60.74 
100	46.73 	-3.47 	2	4	804.93 	860.14 	55.40 
101	-26.66 	-83.97 	3	3	716.84 	761.85 	53.38 
102	-16.57 	-63.11 	3	4	36.88 	75.67 	48.54 
103	-5.55 	-75.57 	3	4	540.06 	586.26 	46.83 
104	-5.75 	-41.60 	3	3	986.73 	1038.07 	59.77 
105	26.70 	-56.83 	3	5	642.39 	687.19 	59.16 
106	-21.48 	-92.10 	3	2	93.76 	136.96 	47.55 
107	-0.49 	-53.16 	3	2	670.12 	726.99 	59.30 
108	3.94 	-41.78 	3	4	313.25 	370.65 	49.35 
109	-30.80 	-40.56 	3	2	1172.66 	1222.03 	46.13 
110	14.20 	-60.95 	3	2	359.43 	417.34 	47.36 
111	13.52 	-72.90 	3	2	866.60 	922.88 	62.62 
112	-9.64 	-62.74 	3	1	886.55 	934.49 	62.63 
113	-24.36 	-98.42 	3	2	65.01 	121.08 	64.90 
114	-16.24 	-85.59 	3	2	95.35 	148.99 	54.32 
115	16.26 	-63.96 	3	1	41.73 	94.58 	59.86 
116	14.04 	-64.21 	3	3	935.25 	977.52 	59.02 
117	-8.64 	-95.69 	3	1	957.98 	1022.39 	59.93 
118	19.13 	-59.55 	3	1	366.54 	422.27 	57.12 
119	17.83 	-42.81 	3	3	770.83 	832.24 	51.18 
120	-30.77 	-67.35 	3	4	1070.52 	1116.45 	51.37 
121	-20.51 	-79.91 	3	3	174.81 	243.45 	52.51 
122	-26.51 	-88.52 	3	1	825.45 	875.83 	62.90 
123	-31.40 	-88.76 	3	4	1085.02 	1124.58 	49.00 
124	-14.35 	-92.80 	3	5	957.36 	1011.61 	61.29 
125	-7.33 	-97.84 	3	1	773.17 	819.36 	45.38 
126	1.05 	-87.61 	3	2	804.23 	863.79 	49.97 
127	-29.06 	-59.93 	3	4	904.29 	972.83 	58.89 
128	-17.92 	-84.36 	3	3	468.15 	531.66 	61.57 
129	-13.10 	-44.96 	3	1	565.60 	622.70 	51.80 
130	-8.46 	-107.98 	3	1	967.39 	1025.19 	46.44 
131	11.45 	-88.02 	3	2	647.03 	700.84 	64.35 
132	-27.48 	-74.02 	3	4	756.44 	812.93 	58.27 
133	-23.37 	-82.15 	3	4	1139.34 	1188.21 	57.98 
134	27.78 	-61.71 	3	3	182.15 	235.17 	50.83 
135	-23.74 	-105.78 	3	5	454.91 	508.40 	47.51 
136	19.67 	-74.99 	3	2	536.15 	590.98 	59.94 
137	27.22 	-75.00 	3	3	165.94 	234.13 	54.91 
138	28.11 	-58.88 	3	1	273.79 	329.02 	63.83 
139	17.28 	-66.39 	3	3	1108.50 	1149.26 	55.03 
140	13.03 	-85.32 	3	1	684.02 	744.22 	56.49 
141	25.97 	-61.49 	3	2	879.28 	942.88 	47.28 
142	26.46 	-55.23 	3	3	202.01 	252.42 	53.36 
143	23.04 	-83.86 	3	2	449.92 	504.00 	56.67 
144	-29.04 	-58.55 	3	3	475.76 	535.44 	52.87 
145	-10.12 	-94.84 	3	1	802.13 	859.74 	62.51 
146	-28.20 	-41.68 	3	1	372.48 	427.21 	60.96 
147	15.54 	-66.55 	3	4	790.02 	839.58 	52.21 
148	2.72 	-43.27 	3	4	906.83 	969.35 	52.32 
149	22.04 	-40.56 	3	4	400.82 	459.67 	64.05 
150	-17.90 	-55.47 	3	3	702.73 	758.69 	47.02 
151	-83.53 	4.22 	4	3	1035.51 	1086.86 	58.51 
152	-100.90 	-27.35 	4	4	342.30 	397.56 	64.87 
153	-40.27 	-14.23 	4	1	197.98 	250.61 	58.72 
154	-74.12 	10.27 	4	4	47.91 	102.23 	55.76 
155	-81.61 	-19.90 	4	3	573.61 	626.93 	60.72 
156	-67.37 	26.43 	4	4	181.11 	231.50 	62.48 
157	-49.29 	-22.18 	4	1	308.09 	367.72 	48.36 
158	-43.22 	20.55 	4	1	26.54 	83.37 	46.36 
159	-79.31 	28.89 	4	4	738.66 	792.78 	55.59 
160	-84.36 	-4.09 	4	2	463.50 	518.79 	64.42 
161	-42.10 	-11.22 	4	1	925.02 	984.94 	50.96 
162	-103.88 	27.49 	4	3	297.84 	341.19 	56.83 
163	-96.95 	-22.89 	4	2	1150.77 	1206.56 	55.14 
164	-49.96 	26.66 	4	2	1152.79 	1197.14 	47.85 
165	-84.41 	20.17 	4	3	1049.90 	1097.05 	58.29 
166	-109.03 	-22.80 	4	4	1073.01 	1127.53 	49.70 
167	-103.35 	7.18 	4	2	735.75 	784.97 	45.99 
168	-92.81 	3.13 	4	1	789.18 	833.17 	53.43 
169	-57.09 	-24.92 	4	1	1113.99 	1178.09 	51.15 
170	-109.67 	25.44 	4	2	1133.74 	1181.54 	55.26 
171	-109.19 	-31.22 	4	2	651.41 	704.72 	57.44 
172	-45.18 	-19.77 	4	3	620.52 	675.89 	55.35 
173	-61.11 	22.92 	4	4	93.72 	139.16 	54.52 
174	-95.42 	-13.81 	4	3	343.66 	404.17 	63.61 
175	-71.92 	-17.38 	4	4	990.91 	1040.60 	52.69 
176	-76.45 	-22.37 	4	1	310.84 	364.74 	51.00 
177	-51.41 	16.97 	4	5	842.89 	896.28 	64.52 
178	-71.34 	-17.42 	4	2	128.11 	187.13 	52.01 
179	-107.14 	13.11 	4	5	545.99 	602.43 	55.36 
180	-98.32 	12.79 	4	2	252.16 	300.35 	54.11 
181	-73.09 	8.27 	4	1	864.27 	908.81 	46.08 
182	-76.95 	-32.36 	4	5	955.71 	1001.39 	57.48 
183	-88.36 	26.88 	4	1	261.06 	315.69 	48.36 
184	-51.40 	-30.96 	4	1	773.31 	835.03 	50.29 
185	-51.66 	2.43 	4	3	1014.13 	1060.64 	60.59 
186	-45.16 	-27.70 	4	4	112.99 	184.48 	53.77 
187	-88.97 	4.63 	4	4	307.22 	362.98 	53.99 
188	-77.51 	24.95 	4	2	578.53 	632.79 	52.88 
189	-86.32 	21.53 	4	2	508.14 	558.18 	62.72 
190	-56.67 	8.25 	4	3	939.47 	991.22 	56.71 
191	-93.75 	16.82 	4	3	612.53 	671.95 	61.46 
192	-61.09 	-34.74 	4	3	323.70 	384.74 	46.11 
193	-63.49 	-33.04 	4	4	300.39 	353.10 	52.75 
194	-86.46 	-32.22 	4	1	828.79 	886.11 	50.54 
195	-48.04 	10.19 	4	1	350.72 	408.55 	48.05 
196	-77.24 	-12.82 	4	4	693.21 	752.70 	47.00 
197	-60.99 	-7.81 	4	3	367.46 	426.88 	55.97 
198	-104.78 	4.36 	4	3	699.13 	759.30 	58.99 
199	-93.45 	19.36 	4	2	217.38 	267.22 	48.06 
200	-58.75 	-20.17 	4	2	573.63 	631.25 	55.24 

