100          16            12              4                4             108


1	1	2	0	1200	400	600	30
2	1	2	0	1200	400	600	30
3	1	3	0	1200	400	600	30
4	2	2	0	1200	400	600	30
5	2	2	0	1200	400	600	30
6	2	3	0	1200	400	600	30
7	3	1	0	1200	400	600	30
8	3	2	0	1200	400	600	30
9	3	3	0	1200	400	600	30
10	4	2	0	1200	400	600	30
11	4	2	0	1200	400	600	30
12	4	3	0	1200	400	600	30
13	0	5	0	1200	400	600	30
14	0	5	0	1200	400	600	30
15	0	5	0	1200	400	600	30
16	0	5	0	1200	400	600	30


1              0 	75        1              
2              0 	75        1             
3              75 	  0        2             
4              75 	  0        2             
5               0            -75        3              
6               0            -75        3             
7              -75             0        4              
8              -75             0        4             


1	-20.18 	40.60 	1	4	1076.20 	1129.73 	52.35 
2	15.62 	75.34 	1	2	1109.86 	1161.60 	52.12 
3	0.96 	58.94 	1	3	569.60 	629.00 	62.29 
4	-2.69 	98.60 	1	3	1115.54 	1154.60 	56.27 
5	9.29 	104.40 	1	4	502.58 	553.57 	57.07 
6	11.95 	85.15 	1	1	616.60 	674.38 	49.26 
7	-19.41 	61.54 	1	2	455.29 	510.17 	57.86 
8	-13.33 	108.19 	1	2	742.07 	794.56 	49.56 
9	20.47 	48.39 	1	5	459.32 	505.43 	51.47 
10	-21.68 	83.35 	1	1	441.47 	497.52 	45.80 
11	-27.48 	57.04 	1	2	443.60 	497.81 	49.61 
12	-19.31 	89.59 	1	5	1120.37 	1182.66 	49.78 
13	34.22 	82.88 	1	1	195.21 	251.10 	56.32 
14	6.91 	87.89 	1	1	1128.91 	1193.60 	63.39 
15	26.24 	107.05 	1	3	731.39 	779.73 	46.17 
16	11.18 	102.93 	1	1	27.62 	76.63 	59.68 
17	-23.08 	97.54 	1	5	147.18 	203.36 	62.48 
18	-5.36 	52.25 	1	5	1153.09 	1211.90 	50.33 
19	-28.44 	97.17 	1	1	324.45 	390.22 	60.18 
20	21.57 	66.64 	1	2	423.69 	494.52 	50.21 
21	34.01 	86.44 	1	4	1091.80 	1146.02 	50.25 
22	17.65 	73.35 	1	3	322.94 	374.93 	55.67 
23	25.04 	77.86 	1	3	1036.30 	1084.22 	52.36 
24	-29.38 	93.32 	1	3	490.00 	543.18 	57.91 
25	7.54 	108.06 	1	2	136.37 	189.09 	48.75 
26	75.63 	-24.18 	2	3	125.53 	164.36 	52.03 
27	42.45 	-6.08 	2	1	1134.65 	1184.42 	63.62 
28	103.63 	4.09 	2	3	510.54 	560.16 	58.58 
29	86.78 	-8.23 	2	4	1149.72 	1207.50 	50.16 
30	62.54 	10.23 	2	2	216.80 	271.82 	62.01 
31	102.86 	19.06 	2	1	911.43 	964.35 	46.32 
32	43.78 	-7.77 	2	2	1133.60 	1181.19 	51.64 
33	108.16 	7.97 	2	5	384.01 	437.06 	56.66 
34	60.06 	23.64 	2	1	838.33 	890.03 	62.96 
35	106.77 	5.18 	2	2	94.40 	147.52 	51.05 
36	45.91 	-21.62 	2	3	483.37 	532.35 	62.35 
37	48.76 	6.91 	2	2	569.21 	622.05 	52.72 
38	40.88 	5.69 	2	5	649.58 	699.45 	60.86 
39	79.24 	34.44 	2	1	178.30 	234.31 	57.82 
40	99.73 	-26.87 	2	5	860.41 	923.02 	45.90 
41	88.29 	-32.59 	2	3	821.05 	877.86 	60.52 
42	70.46 	15.77 	2	3	231.00 	278.13 	63.40 
43	95.86 	-8.14 	2	1	783.72 	837.99 	48.01 
44	62.71 	-3.61 	2	3	41.70 	96.52 	46.35 
45	76.25 	-11.61 	2	5	768.74 	820.70 	60.09 
46	42.56 	17.75 	2	5	479.61 	541.34 	55.37 
47	50.65 	11.85 	2	2	628.03 	670.83 	55.74 
48	86.08 	-34.10 	2	5	793.25 	847.61 	57.52 
49	51.37 	26.09 	2	1	784.62 	838.71 	54.19 
50	81.61 	9.71 	2	2	777.18 	830.11 	47.26 
51	18.29 	-71.42 	3	5	63.43 	116.58 	55.35 
52	25.37 	-94.37 	3	5	200.73 	258.92 	62.96 
53	-18.19 	-61.22 	3	2	704.76 	759.92 	62.89 
54	12.23 	-41.98 	3	1	250.72 	308.69 	61.05 
55	-7.02 	-41.10 	3	2	233.59 	289.68 	46.32 
56	15.42 	-63.93 	3	1	958.73 	1009.60 	46.37 
57	-15.50 	-44.60 	3	3	1079.51 	1134.19 	56.84 
58	-19.90 	-50.00 	3	1	1100.06 	1158.90 	64.27 
59	17.05 	-57.87 	3	3	1174.87 	1213.80 	56.19 
60	-6.63 	-97.62 	3	4	652.15 	704.66 	60.95 
61	-16.01 	-88.69 	3	2	803.37 	856.09 	62.96 
62	19.78 	-82.67 	3	3	1074.80 	1131.44 	59.44 
63	10.78 	-41.34 	3	3	458.72 	509.62 	47.98 
64	26.53 	-105.24 	3	2	444.74 	501.43 	49.56 
65	22.96 	-94.19 	3	3	71.34 	134.87 	48.66 
66	21.22 	-66.57 	3	4	427.39 	478.91 	61.74 
67	3.99 	-42.73 	3	5	271.52 	325.89 	50.25 
68	3.20 	-96.89 	3	2	906.32 	963.32 	48.93 
69	6.97 	-53.63 	3	2	151.40 	205.09 	61.21 
70	8.15 	-98.97 	3	1	339.76 	394.23 	46.96 
71	-19.32 	-49.37 	3	1	460.47 	515.97 	46.48 
72	34.09 	-103.58 	3	3	938.12 	991.32 	55.96 
73	-23.01 	-96.61 	3	5	1079.29 	1133.62 	49.31 
74	28.06 	-46.09 	3	1	734.00 	792.25 	46.78 
75	-18.14 	-72.32 	3	4	964.11 	1012.92 	58.31 
76	-83.08 	23.55 	4	5	754.04 	808.28 	60.43 
77	-63.79 	-3.80 	4	5	515.91 	574.53 	46.83 
78	-51.64 	-13.69 	4	2	766.65 	823.42 	62.02 
79	-103.67 	-5.13 	4	2	307.49 	364.35 	62.51 
80	-73.97 	32.64 	4	1	1143.08 	1188.07 	56.56 
81	-65.21 	16.12 	4	3	645.62 	699.64 	47.51 
82	-99.48 	-13.65 	4	1	122.02 	180.32 	55.54 
83	-101.61 	20.74 	4	3	610.17 	656.31 	54.95 
84	-72.27 	-16.38 	4	2	1061.02 	1110.14 	62.06 
85	-96.76 	-21.69 	4	5	1023.53 	1082.07 	56.62 
86	-47.51 	-20.84 	4	1	1060.41 	1115.33 	61.15 
87	-81.72 	-11.32 	4	5	817.77 	872.28 	50.54 
88	-45.57 	34.05 	4	5	512.74 	552.70 	51.36 
89	-45.87 	-29.16 	4	1	295.09 	353.08 	59.30 
90	-46.16 	-3.45 	4	2	331.85 	388.34 	63.33 
91	-74.82 	16.80 	4	4	576.67 	619.44 	57.17 
92	-101.95 	16.07 	4	3	440.32 	489.54 	61.52 
93	-51.31 	8.37 	4	3	1115.21 	1167.07 	50.88 
94	-88.09 	15.96 	4	2	603.79 	653.97 	58.27 
95	-81.66 	-24.78 	4	3	226.04 	280.00 	46.15 
96	-98.94 	-31.04 	4	1	372.73 	428.58 	48.60 
97	-67.85 	-8.35 	4	3	646.65 	699.75 	46.28 
98	-104.89 	-19.74 	4	5	1140.79 	1206.46 	62.79 
99	-65.17 	2.70 	4	1	876.69 	932.05 	59.84 
100	-77.08 	-23.61 	4	2	500.62 	549.36 	63.84 
