24           5              4              1                2             28


1	1	2	0	1200	400	600	30
2	1	3	0	1200	400	600	30
3	2	1	0	1200	400	600	30
4	2	3	0	1200	400	600	30
5	0	5	0	1200	400	600	30


1             33 	-33        1              
2             33 	-33        1             
3             -33 	 33        2              
4             -33 	 33        2             

1	39.01 	-29.15 	1	1	943.57 	1004.08 	58.12 
2	7.53 	-53.77 	1	3	531.48 	579.37 	47.80 
3	55.51 	-30.83 	1	4	83.36 	137.23 	61.55 
4	62.76 	-34.54 	1	5	90.85 	136.43 	49.98 
5	23.67 	-56.22 	1	3	894.65 	942.33 	63.36 
6	1.94 	-29.65 	1	2	631.45 	689.84 	56.95 
7	5.98 	-54.71 	1	1	913.00 	967.52 	58.59 
8	0.49 	-49.66 	1	4	883.69 	938.59 	54.35 
9	0.37 	-64.74 	1	1	430.41 	484.12 	55.29 
10	2.10 	-22.06 	1	3	1047.85 	1101.04 	56.08 
11	65.19 	-32.48 	1	2	313.10 	367.57 	59.32 
12	45.78 	-62.16 	1	2	999.01 	1057.50 	62.22 
13	-49.80 	58.49 	2	1	760.79 	818.72 	47.30 
14	-17.70 	51.71 	2	4	891.02 	943.80 	64.51 
15	-34.43 	60.72 	2	1	533.82 	583.52 	47.17 
16	-21.78 	19.38 	2	3	376.05 	432.45 	64.48 
17	-34.13 	63.37 	2	2	260.98 	321.12 	46.99 
18	-33.55 	54.07 	2	3	439.30 	477.18 	47.70 
19	-5.96 	59.39 	2	1	785.51 	841.56 	62.92 
20	-33.07 	18.12 	2	3	1024.69 	1087.82 	60.14 
21	-40.29 	51.70 	2	4	448.72 	501.53 	52.62 
22	-3.74 	2.97 	2	2	1079.29 	1131.15 	63.82 
23	-61.12 	8.57 	2	4	1001.97 	1060.97 	51.80 
24	-0.23 	32.61 	2	2	1091.75 	1139.79 	62.82 
