400           64             48              16               8             416


1	1	1	0	1200	400	600	30
2	1	1	0	1200	400	600	30
3	1	2	0	1200	400	600	30
4	1	2	0	1200	400	600	30
5	1	3	0	1200	400	600	30
6	1	3	0	1200	400	600	30
7	2	1	0	1200	400	600	30
8	2	1	0	1200	400	600	30
9	2	2	0	1200	400	600	30
10	2	2	0	1200	400	600	30
11	2	3	0	1200	400	600	30
12	2	3	0	1200	400	600	30
13	3	1	0	1200	400	600	30
14	3	1	0	1200	400	600	30
15	3	2	0	1200	400	600	30
16	3	2	0	1200	400	600	30
17	3	3	0	1200	400	600	30
18	3	3	0	1200	400	600	30
19	4	1	0	1200	400	600	30
20	4	1	0	1200	400	600	30
21	4	2	0	1200	400	600	30
22	4	2	0	1200	400	600	30
23	4	3	0	1200	400	600	30
24	4	3	0	1200	400	600	30
25	5	1	0	1200	400	600	30
26	5	1	0	1200	400	600	30
27	5	2	0	1200	400	600	30
28	5	2	0	1200	400	600	30
29	5	3	0	1200	400	600	30
30	5	3	0	1200	400	600	30
31	6	1	0	1200	400	600	30
32	6	1	0	1200	400	600	30
33	6	2	0	1200	400	600	30
34	6	2	0	1200	400	600	30
35	6	3	0	1200	400	600	30
36	6	3	0	1200	400	600	30
37	7	1	0	1200	400	600	30
38	7	1	0	1200	400	600	30
39	7	2	0	1200	400	600	30
40	7	2	0	1200	400	600	30
41	7	3	0	1200	400	600	30
42	7	3	0	1200	400	600	30
43	8	1	0	1200	400	600	30
44	8	1	0	1200	400	600	30
45	8	2	0	1200	400	600	30
46	8	2	0	1200	400	600	30
47	8	3	0	1200	400	600	30
48	8	3	0	1200	400	600	30
49	0	5	0	1200	400	600	30
50	0	5	0	1200	400	600	30
51	0	5	0	1200	400	600	30
52	0	5	0	1200	400	600	30
53	0	5	0	1200	400	600	30
54	0	5	0	1200	400	600	30
55	0	5	0	1200	400	600	30
56	0	5	0	1200	400	600	30
57	0	5	0	1200	400	600	30
58	0	5	0	1200	400	600	30
59	0	5	0	1200	400	600	30
60	0	5	0	1200	400	600	30
61	0	5	0	1200	400	600	30
62	0	5	0	1200	400	600	30
63	0	5	0	1200	400	600	30
64	0	5	0	1200	400	600	30


1              -10.93 	-3.74          1              
2              -10.93 	-3.74          1             
3                10.21 	4.74          2              
4                10.21 	4.74          2             
5               -6.90 	17.07          3              
6               -6.90 	17.07          3             
7              30.31 	12.10           4              
8              30.31 	12.10           4             
9               13.21 	25.90         5              
10             13.21 	25.90         5             
11            50.65 	20.30          6              
12            50.65 	20.30          6             
13             34.17 	34.17          7              
14             34.17 	34.17         7            
15             70.56 	28.07           8              
16             70.56 	28.07           8             


1	-11.82 	-2.25 	1	4	739.30 	770.11 	63.52 
2	-12.99 	-5.12 	1	3	543.16 	575.39 	47.39 
3	-12.17 	-4.28 	1	3	365.51 	395.65 	48.13 
4	-9.60 	-0.27 	1	5	56.98 	91.07 	47.78 
5	-12.96 	-3.61 	1	1	110.37 	143.10 	51.00 
6	-7.62 	-4.18 	1	4	719.74 	745.75 	61.61 
7	-8.36 	-3.92 	1	2	133.84 	164.37 	55.15 
8	-8.64 	-3.33 	1	1	545.51 	575.49 	48.29 
9	-8.94 	-4.77 	1	2	833.13 	852.23 	49.71 
10	-10.48 	-3.54 	1	3	491.10 	522.22 	45.46 
11	-11.15 	-1.11 	1	2	326.85 	356.92 	46.30 
12	-13.85 	-9.05 	1	4	301.89 	327.43 	64.81 
13	-9.51 	-0.63 	1	1	369.39 	391.19 	58.03 
14	-15.55 	-4.96 	1	4	885.89 	902.18 	63.76 
15	-11.21 	-5.81 	1	2	321.66 	351.93 	48.72 
16	-14.96 	-4.95 	1	3	812.23 	830.05 	62.04 
17	-11.12 	-7.03 	1	2	147.78 	178.46 	57.89 
18	-14.90 	-1.52 	1	3	162.07 	182.97 	62.79 
19	-14.17 	-1.72 	1	1	977.14 	998.16 	60.27 
20	-1.52 	-5.14 	1	4	1073.48 	1086.51 	52.27 
21	-14.02 	-0.66 	1	4	118.95 	156.14 	45.43 
22	-8.00 	-3.49 	1	5	864.73 	896.07 	51.72 
23	-11.30 	-5.11 	1	2	463.35 	490.33 	46.61 
24	-14.76 	-1.99 	1	3	595.09 	621.36 	62.80 
25	-7.09 	-2.59 	1	2	982.53 	1000.50 	52.39 
26	-10.01 	-3.90 	1	1	1044.24 	1078.34 	47.96 
27	-11.05 	-1.70 	1	4	338.25 	348.61 	64.61 
28	-5.60 	-4.72 	1	2	889.99 	923.92 	56.00 
29	-10.83 	-6.37 	1	3	504.30 	533.86 	57.69 
30	-13.83 	-2.98 	1	1	747.38 	773.72 	58.74 
31	-7.90 	-1.83 	1	4	837.40 	868.97 	64.76 
32	-10.48 	-2.54 	1	3	45.47 	69.86 	54.84 
33	-9.33 	-3.29 	1	2	112.06 	138.65 	45.23 
34	-12.00 	-2.76 	1	1	470.91 	487.43 	51.79 
35	-12.90 	-3.11 	1	1	368.73 	396.74 	63.87 
36	-10.86 	-6.16 	1	3	53.54 	84.09 	52.60 
37	-8.78 	-2.25 	1	3	70.06 	85.02 	45.65 
38	-15.97 	-0.39 	1	5	57.47 	91.39 	54.79 
39	-9.13 	-4.78 	1	2	1033.69 	1052.07 	57.25 
40	-7.61 	-6.29 	1	1	1058.57 	1091.67 	61.69 
41	-15.52 	-4.89 	1	1	610.72 	644.42 	61.84 
42	-10.05 	-1.43 	1	3	1155.01 	1185.65 	64.46 
43	-12.78 	-5.52 	1	1	898.23 	928.95 	57.76 
44	-12.66 	-1.57 	1	1	779.27 	802.55 	59.15 
45	-9.81 	-5.10 	1	4	193.43 	204.17 	45.84 
46	-9.64 	-5.30 	1	2	1182.14 	1203.69 	60.03 
47	-11.01 	-5.42 	1	1	1004.55 	1036.77 	50.04 
48	-13.80 	-4.39 	1	2	857.43 	883.89 	59.50 
49	-11.92 	-4.63 	1	3	389.60 	425.10 	55.68 
50	-6.15 	-4.65 	1	1	267.79 	295.54 	62.42 
51	15.18 	13.32 	2	3	1000.14 	1021.57 	58.45 
52	9.26 	2.96 	2	4	789.46 	818.23 	54.78 
53	9.10 	4.35 	2	3	133.42 	152.63 	47.34 
54	14.55 	8.33 	2	1	1047.45 	1076.32 	55.62 
55	8.93 	3.68 	2	1	58.57 	94.83 	61.61 
56	9.37 	8.52 	2	5	591.73 	630.03 	53.03 
57	12.44 	7.32 	2	4	398.72 	420.48 	47.25 
58	9.06 	-0.58 	2	4	693.39 	724.18 	60.21 
59	8.95 	2.46 	2	2	894.53 	926.39 	58.84 
60	12.56 	11.07 	2	2	770.92 	797.60 	49.23 
61	9.29 	1.18 	2	5	909.48 	938.42 	62.58 
62	14.93 	5.46 	2	1	793.21 	834.28 	52.00 
63	8.46 	9.62 	2	2	697.76 	713.51 	59.80 
64	10.62 	1.90 	2	2	712.03 	737.80 	63.46 
65	10.36 	7.76 	2	2	1061.40 	1091.16 	56.39 
66	5.51 	-0.21 	2	3	769.45 	804.43 	64.63 
67	6.01 	2.66 	2	3	523.42 	548.24 	59.67 
68	9.14 	-2.68 	2	3	481.65 	514.33 	61.38 
69	12.14 	5.62 	2	1	344.06 	377.18 	49.42 
70	11.50 	6.45 	2	1	631.69 	661.23 	54.88 
71	12.47 	7.71 	2	2	138.54 	162.73 	59.53 
72	13.26 	9.57 	2	3	650.34 	685.44 	64.53 
73	10.26 	3.64 	2	5	370.74 	392.22 	45.74 
74	6.02 	-2.33 	2	3	443.73 	466.91 	51.89 
75	13.93 	2.48 	2	2	298.42 	319.54 	56.33 
76	5.92 	3.39 	2	3	484.94 	509.77 	56.93 
77	9.63 	10.27 	2	4	481.81 	505.04 	47.57 
78	9.14 	8.52 	2	1	307.58 	334.17 	64.70 
79	12.66 	11.75 	2	3	700.76 	725.02 	52.49 
80	13.09 	5.51 	2	1	728.08 	752.48 	54.60 
81	9.97 	3.41 	2	4	311.72 	336.31 	58.44 
82	9.13 	-5.43 	2	1	582.04 	617.51 	60.35 
83	10.06 	0.49 	2	4	817.32 	843.31 	54.03 
84	11.31 	9.99 	2	2	115.92 	141.41 	55.79 
85	14.57 	5.70 	2	2	910.71 	929.88 	59.78 
86	6.02 	4.77 	2	1	1126.10 	1151.78 	50.03 
87	8.16 	0.96 	2	1	386.27 	417.27 	51.18 
88	6.88 	1.10 	2	1	368.73 	397.16 	64.48 
89	12.39 	7.88 	2	3	66.35 	86.29 	61.49 
90	7.71 	-1.08 	2	4	816.47 	844.74 	57.17 
91	9.18 	5.89 	2	2	1184.98 	1205.53 	50.75 
92	9.36 	2.61 	2	3	1065.78 	1089.90 	47.60 
93	15.71 	5.56 	2	1	625.51 	650.27 	51.50 
94	10.89 	4.33 	2	2	1091.03 	1120.62 	51.01 
95	11.64 	4.67 	2	4	807.77 	833.96 	57.33 
96	9.92 	5.74 	2	1	635.63 	659.64 	62.49 
97	10.55 	12.16 	2	2	595.63 	612.92 	58.68 
98	8.20 	1.89 	2	3	385.73 	412.77 	61.88 
99	11.61 	8.00 	2	4	559.68 	580.93 	61.50 
100	3.73 	-1.50 	2	1	514.57 	536.21 	55.06 
101	-4.14 	14.79 	3	5	487.94 	519.21 	54.27 
102	-6.19 	18.08 	3	3	358.29 	371.69 	57.07 
103	-11.12 	18.65 	3	4	209.03 	229.34 	46.41 
104	-0.59 	21.23 	3	3	866.08 	900.09 	45.06 
105	-6.92 	16.21 	3	3	1151.74 	1177.97 	56.87 
106	-13.93 	19.44 	3	2	327.80 	343.02 	47.95 
107	-10.30 	15.12 	3	3	821.77 	853.57 	47.45 
108	-0.51 	20.77 	3	2	93.42 	114.12 	47.09 
109	-4.41 	16.15 	3	3	94.74 	112.24 	57.05 
110	-5.97 	19.07 	3	2	614.85 	645.03 	58.45 
111	-10.95 	15.62 	3	4	466.69 	478.29 	48.26 
112	-13.49 	15.51 	3	1	325.58 	361.74 	62.68 
113	-9.41 	14.38 	3	2	1109.69 	1133.73 	58.23 
114	-10.39 	16.74 	3	3	846.45 	879.29 	54.52 
115	-5.75 	19.18 	3	1	196.62 	232.24 	63.78 
116	-3.65 	22.12 	3	1	504.24 	523.61 	51.41 
117	-8.20 	13.01 	3	5	518.52 	556.03 	45.19 
118	-6.17 	13.89 	3	2	299.89 	328.09 	61.16 
119	-11.26 	15.78 	3	2	796.67 	810.98 	49.32 
120	-5.40 	13.70 	3	1	972.25 	988.56 	48.47 
121	-3.32 	18.05 	3	4	495.56 	530.92 	57.42 
122	-13.56 	13.92 	3	1	168.51 	197.43 	45.96 
123	-3.68 	19.29 	3	4	1058.49 	1076.03 	62.91 
124	-6.30 	12.22 	3	1	926.56 	946.18 	58.38 
125	-8.24 	17.60 	3	1	568.39 	587.10 	63.60 
126	-12.44 	15.71 	3	3	503.34 	529.79 	54.75 
127	-2.51 	16.19 	3	1	705.10 	730.39 	53.38 
128	-9.42 	10.03 	3	4	778.10 	810.32 	51.95 
129	-6.32 	22.39 	3	3	920.90 	935.19 	53.77 
130	-5.23 	16.72 	3	4	607.25 	634.52 	57.97 
131	-1.19 	18.82 	3	2	994.73 	1008.27 	62.87 
132	-9.12 	13.39 	3	4	384.52 	417.96 	50.42 
133	-6.52 	17.13 	3	2	418.32 	451.17 	46.42 
134	-1.37 	12.65 	3	3	427.82 	454.87 	53.60 
135	-6.76 	16.63 	3	5	388.65 	417.83 	57.90 
136	-3.96 	18.99 	3	1	1086.80 	1117.22 	50.53 
137	-3.70 	17.10 	3	2	445.44 	467.47 	51.23 
138	-3.67 	21.60 	3	2	399.59 	436.07 	56.81 
139	-8.65 	17.02 	3	4	744.82 	773.51 	62.54 
140	-8.46 	18.84 	3	2	1031.59 	1047.60 	47.98 
141	-5.12 	20.01 	3	1	432.21 	460.11 	58.84 
142	-13.56 	14.48 	3	1	222.65 	239.90 	64.30 
143	-4.03 	14.71 	3	1	1028.59 	1051.92 	52.96 
144	-9.71 	16.95 	3	2	545.33 	560.67 	46.22 
145	-9.44 	27.01 	3	4	60.57 	91.53 	54.75 
146	-7.97 	15.54 	3	1	1095.55 	1115.28 	58.60 
147	1.32 	19.34 	3	3	419.08 	432.71 	54.50 
148	-5.91 	17.31 	3	1	143.44 	177.50 	50.34 
149	-4.77 	22.57 	3	3	211.52 	250.16 	60.53 
150	-12.79 	12.01 	3	3	102.35 	131.22 	53.09 
151	31.49 	12.34 	4	5	203.01 	215.78 	53.82 
152	30.37 	11.03 	4	4	403.18 	422.18 	63.38 
153	35.97 	14.52 	4	1	1017.96 	1045.20 	60.94 
154	33.17 	11.95 	4	2	219.13 	241.49 	52.84 
155	34.16 	13.17 	4	4	322.59 	358.12 	45.23 
156	31.21 	12.48 	4	4	1099.03 	1125.83 	46.75 
157	28.53 	11.06 	4	1	150.82 	183.43 	53.30 
158	31.70 	13.66 	4	1	257.53 	279.10 	58.73 
159	25.41 	10.54 	4	2	1179.48 	1204.58 	61.71 
160	31.10 	13.00 	4	2	507.14 	550.21 	46.11 
161	23.42 	9.87 	4	1	110.77 	144.31 	61.61 
162	24.44 	8.00 	4	2	1077.46 	1105.35 	59.13 
163	34.31 	14.20 	4	2	1136.06 	1158.39 	61.41 
164	32.28 	14.58 	4	3	697.36 	716.03 	53.72 
165	24.63 	8.64 	4	2	908.97 	937.06 	47.57 
166	28.83 	12.28 	4	2	861.73 	889.48 	64.19 
167	33.03 	13.30 	4	2	46.76 	66.88 	50.69 
168	27.74 	10.10 	4	4	371.47 	395.63 	61.79 
169	28.83 	11.54 	4	2	730.79 	748.39 	48.06 
170	31.05 	12.05 	4	1	689.25 	734.05 	61.60 
171	29.54 	11.17 	4	1	210.88 	232.04 	63.98 
172	28.14 	12.54 	4	3	137.98 	151.40 	63.16 
173	30.45 	12.17 	4	1	766.56 	789.71 	60.83 
174	32.25 	12.57 	4	1	245.69 	277.97 	61.03 
175	31.46 	13.02 	4	2	853.25 	873.90 	54.31 
176	29.37 	14.53 	4	1	911.53 	935.05 	57.10 
177	30.99 	10.58 	4	5	742.65 	761.40 	58.12 
178	23.34 	10.31 	4	2	50.03 	75.48 	47.55 
179	28.27 	12.43 	4	1	835.39 	867.02 	54.95 
180	28.83 	11.34 	4	4	1115.55 	1142.52 	45.14 
181	30.45 	12.36 	4	3	60.64 	86.23 	48.13 
182	31.90 	12.96 	4	4	68.31 	82.34 	63.73 
183	25.86 	11.06 	4	3	821.70 	838.20 	47.18 
184	27.81 	9.92 	4	1	261.67 	282.06 	45.35 
185	28.06 	12.59 	4	3	526.61 	549.35 	46.45 
186	30.55 	13.39 	4	3	325.96 	351.12 	48.44 
187	36.41 	16.62 	4	1	841.68 	852.08 	59.25 
188	30.77 	10.12 	4	3	63.41 	85.78 	54.14 
189	34.08 	12.54 	4	3	810.14 	835.58 	60.96 
190	30.83 	10.97 	4	4	1117.10 	1144.74 	50.51 
191	30.75 	12.87 	4	5	621.21 	647.38 	48.62 
192	30.20 	13.52 	4	3	453.57 	479.03 	49.68 
193	29.08 	11.67 	4	4	314.77 	342.77 	46.76 
194	31.73 	13.83 	4	3	78.25 	112.93 	50.94 
195	32.14 	12.46 	4	1	1161.95 	1192.48 	54.08 
196	32.11 	11.10 	4	3	142.33 	173.19 	56.41 
197	30.42 	11.80 	4	3	1124.97 	1159.85 	56.65 
198	31.38 	11.53 	4	4	779.63 	806.94 	53.86 
199	35.38 	12.25 	4	1	747.27 	779.91 	48.95 
200	31.07 	12.32 	4	2	917.37 	943.77 	50.37 
201	12.30 	22.90 	5	1	921.83 	951.39 	46.86 
202	14.85 	26.52 	5	2	648.84 	676.19 	64.72 
203	17.98 	21.76 	5	1	155.94 	171.59 	56.50 
204	10.36 	26.93 	5	1	105.29 	133.13 	50.58 
205	12.56 	30.05 	5	1	148.59 	180.98 	50.50 
206	9.18 	26.82 	5	4	942.13 	977.57 	61.13 
207	12.91 	26.98 	5	2	1173.27 	1195.71 	58.31 
208	14.97 	25.82 	5	2	820.23 	845.34 	61.51 
209	14.69 	24.36 	5	3	352.45 	380.51 	51.01 
210	11.99 	25.92 	5	3	1188.32 	1207.23 	58.70 
211	12.54 	22.42 	5	3	754.89 	774.90 	54.30 
212	15.33 	28.14 	5	5	112.79 	127.25 	61.13 
213	15.14 	22.57 	5	1	1098.51 	1112.77 	46.12 
214	12.38 	26.22 	5	3	247.93 	270.61 	56.96 
215	11.41 	26.79 	5	3	465.00 	496.12 	54.82 
216	11.04 	25.14 	5	3	525.17 	562.58 	46.38 
217	11.65 	26.77 	5	2	894.66 	927.74 	62.69 
218	11.14 	23.54 	5	1	373.54 	406.74 	55.81 
219	13.93 	19.90 	5	1	597.25 	630.72 	45.00 
220	13.75 	24.71 	5	3	185.44 	213.08 	54.32 
221	12.39 	25.42 	5	1	764.67 	786.80 	60.00 
222	9.16 	26.11 	5	2	531.55 	560.26 	58.84 
223	12.07 	21.43 	5	2	294.09 	319.47 	61.19 
224	13.50 	26.92 	5	5	50.47 	71.63 	60.24 
225	13.08 	26.23 	5	4	415.18 	447.66 	57.31 
226	13.31 	25.79 	5	4	427.77 	445.04 	56.16 
227	14.13 	26.91 	5	4	757.28 	786.33 	55.10 
228	8.93 	25.98 	5	2	712.29 	732.70 	50.08 
229	15.98 	25.82 	5	3	856.53 	887.44 	61.24 
230	13.03 	25.64 	5	2	66.52 	105.27 	55.27 
231	14.88 	27.76 	5	2	1149.92 	1182.12 	50.20 
232	10.86 	26.13 	5	5	1080.10 	1105.10 	47.61 
233	13.65 	24.13 	5	1	212.42 	227.25 	52.43 
234	13.43 	29.07 	5	4	586.88 	604.56 	47.51 
235	14.98 	27.42 	5	2	461.43 	497.82 	53.78 
236	15.31 	22.20 	5	4	230.89 	267.77 	51.07 
237	14.26 	28.08 	5	3	940.00 	954.56 	63.18 
238	10.02 	29.47 	5	1	203.29 	226.14 	55.77 
239	16.73 	27.37 	5	2	659.01 	679.75 	49.94 
240	15.27 	27.20 	5	3	171.85 	203.09 	56.22 
241	14.63 	29.70 	5	2	691.10 	715.70 	62.29 
242	14.22 	25.12 	5	4	981.97 	1003.01 	56.22 
243	16.07 	27.59 	5	3	937.89 	958.26 	46.08 
244	13.75 	25.24 	5	1	150.70 	180.81 	51.49 
245	13.06 	26.51 	5	4	222.97 	251.94 	60.26 
246	13.59 	25.83 	5	4	977.00 	999.32 	62.73 
247	9.77 	27.35 	5	4	353.58 	377.86 	49.54 
248	14.94 	23.93 	5	3	400.64 	429.27 	61.56 
249	12.56 	28.28 	5	1	752.99 	778.71 	58.70 
250	12.87 	26.29 	5	1	857.07 	886.88 	48.27 
251	50.40 	25.74 	6	5	833.83 	862.79 	63.53 
252	46.79 	18.17 	6	2	405.57 	435.45 	50.28 
253	48.39 	17.48 	6	3	289.45 	318.33 	64.93 
254	49.63 	17.45 	6	1	213.70 	233.62 	49.27 
255	50.80 	21.38 	6	1	1172.85 	1190.48 	48.55 
256	50.09 	20.03 	6	1	335.33 	359.86 	61.18 
257	50.10 	18.63 	6	2	766.39 	802.25 	50.64 
258	53.06 	17.06 	6	3	262.04 	292.86 	62.43 
259	47.87 	21.60 	6	2	208.40 	226.33 	64.40 
260	48.67 	18.88 	6	4	1092.72 	1120.47 	51.88 
261	49.39 	19.94 	6	1	276.59 	298.01 	58.73 
262	49.60 	21.11 	6	2	287.12 	314.78 	49.32 
263	49.18 	21.51 	6	2	1009.87 	1037.16 	61.95 
264	50.46 	18.69 	6	1	1045.03 	1071.87 	48.00 
265	49.64 	22.63 	6	4	274.44 	304.47 	48.74 
266	50.24 	20.39 	6	4	84.19 	104.40 	48.43 
267	54.44 	20.56 	6	2	694.34 	718.50 	54.46 
268	50.80 	20.63 	6	1	661.26 	677.58 	50.47 
269	50.54 	20.04 	6	4	924.26 	956.38 	62.39 
270	47.81 	17.98 	6	1	430.27 	464.38 	49.13 
271	59.33 	20.61 	6	3	1019.89 	1049.21 	58.49 
272	53.19 	21.45 	6	3	298.47 	332.33 	45.27 
273	50.35 	20.65 	6	5	1110.78 	1135.91 	62.97 
274	54.71 	22.43 	6	3	136.96 	165.77 	47.87 
275	54.25 	23.42 	6	2	1044.66 	1070.92 	50.49 
276	52.07 	19.82 	6	4	79.34 	107.07 	57.09 
277	54.81 	24.03 	6	5	292.88 	314.88 	58.25 
278	50.29 	19.85 	6	3	964.86 	981.44 	64.45 
279	48.36 	19.41 	6	2	221.87 	249.66 	57.68 
280	51.57 	19.97 	6	4	532.27 	554.11 	64.34 
281	52.28 	24.27 	6	4	187.65 	223.94 	60.15 
282	51.17 	22.34 	6	4	716.54 	749.18 	57.27 
283	49.56 	22.89 	6	1	871.36 	901.71 	48.21 
284	51.40 	19.70 	6	4	793.75 	816.89 	64.70 
285	49.64 	16.33 	6	1	1056.99 	1077.34 	48.24 
286	50.57 	21.70 	6	1	86.62 	107.33 	51.86 
287	49.24 	18.40 	6	1	72.77 	100.85 	62.80 
288	50.93 	18.68 	6	3	274.94 	298.53 	47.59 
289	47.98 	17.89 	6	2	75.52 	97.44 	54.71 
290	49.57 	20.10 	6	2	1171.26 	1200.79 	45.16 
291	49.23 	20.48 	6	2	998.94 	1018.00 	63.37 
292	51.54 	21.79 	6	3	612.88 	637.98 	56.69 
293	50.78 	19.28 	6	1	423.52 	439.97 	61.51 
294	50.71 	19.50 	6	3	598.10 	633.58 	51.26 
295	49.73 	18.38 	6	3	405.06 	419.20 	57.78 
296	53.08 	20.65 	6	3	903.83 	922.20 	63.42 
297	47.98 	19.59 	6	2	610.54 	628.99 	57.85 
298	49.58 	20.79 	6	4	664.39 	695.89 	47.44 
299	47.97 	19.57 	6	3	354.34 	389.00 	60.84 
300	52.82 	21.02 	6	1	62.02 	88.66 	47.56 
301	33.26 	35.32 	7	4	699.68 	720.57 	52.19 
302	36.00 	34.71 	7	1	428.99 	456.48 	59.15 
303	28.43 	37.23 	7	1	876.97 	905.54 	62.71 
304	32.13 	32.08 	7	4	475.84 	503.42 	45.03 
305	36.75 	32.04 	7	1	981.00 	998.05 	46.39 
306	29.52 	38.53 	7	4	587.87 	613.00 	50.15 
307	34.27 	34.36 	7	4	1054.62 	1076.07 	63.73 
308	31.69 	36.77 	7	3	1110.59 	1147.19 	55.15 
309	35.65 	33.62 	7	1	792.18 	823.72 	64.99 
310	30.78 	29.23 	7	1	1033.45 	1061.46 	52.94 
311	44.53 	32.83 	7	2	819.41 	830.05 	49.84 
312	37.46 	33.59 	7	3	1157.92 	1180.61 	48.51 
313	34.99 	40.14 	7	4	712.21 	732.76 	61.87 
314	37.33 	28.16 	7	2	229.01 	250.11 	60.49 
315	32.76 	30.67 	7	5	205.66 	245.43 	58.54 
316	33.12 	34.94 	7	3	232.82 	259.29 	50.21 
317	33.64 	34.29 	7	1	711.55 	729.15 	50.76 
318	33.20 	34.04 	7	4	947.47 	972.66 	53.41 
319	40.16 	32.43 	7	2	139.42 	173.95 	56.29 
320	36.83 	37.81 	7	3	181.74 	205.06 	57.69 
321	36.02 	31.89 	7	4	326.63 	350.20 	64.58 
322	36.52 	35.09 	7	2	690.88 	714.71 	45.17 
323	31.00 	37.26 	7	3	1004.66 	1031.00 	55.88 
324	34.68 	34.01 	7	1	655.04 	690.66 	56.87 
325	33.65 	34.70 	7	5	915.90 	936.46 	46.48 
326	35.76 	32.22 	7	1	1069.05 	1094.61 	50.92 
327	31.91 	36.93 	7	2	648.41 	671.07 	50.26 
328	33.40 	38.22 	7	3	361.62 	381.47 	54.32 
329	34.06 	34.87 	7	4	466.79 	500.91 	55.43 
330	23.95 	33.46 	7	2	1150.20 	1189.31 	57.42 
331	32.73 	37.68 	7	2	579.83 	603.91 	56.61 
332	36.76 	34.53 	7	3	952.42 	973.82 	50.96 
333	36.47 	35.41 	7	1	1120.29 	1143.31 	60.05 
334	36.78 	29.79 	7	1	87.20 	99.80 	53.67 
335	28.56 	29.93 	7	1	1152.91 	1187.66 	45.74 
336	34.20 	36.76 	7	2	94.28 	110.84 	60.01 
337	30.82 	32.06 	7	2	1083.34 	1115.56 	52.05 
338	37.96 	39.55 	7	4	815.79 	839.77 	62.67 
339	33.63 	30.98 	7	3	540.43 	569.01 	55.29 
340	33.94 	30.53 	7	1	517.44 	546.98 	53.31 
341	34.62 	32.96 	7	5	580.60 	600.71 	55.29 
342	35.02 	41.20 	7	3	1174.05 	1201.24 	59.31 
343	36.66 	31.72 	7	1	799.83 	807.34 	58.23 
344	33.34 	33.60 	7	3	184.75 	213.05 	56.43 
345	33.68 	29.18 	7	2	739.73 	766.49 	50.78 
346	30.51 	32.10 	7	3	498.45 	525.33 	63.17 
347	37.40 	32.27 	7	2	1127.14 	1148.21 	51.50 
348	34.07 	40.85 	7	4	53.93 	77.58 	63.53 
349	32.63 	36.51 	7	2	403.05 	430.65 	51.53 
350	35.39 	29.48 	7	3	388.14 	419.58 	62.27 
351	63.60 	25.66 	8	1	888.69 	912.39 	56.38 
352	75.05 	30.43 	8	3	153.42 	178.57 	45.53 
353	67.25 	30.68 	8	3	1057.61 	1078.46 	50.93 
354	72.95 	24.38 	8	4	662.65 	687.90 	53.10 
355	68.91 	29.27 	8	4	1100.02 	1121.44 	62.22 
356	69.36 	38.45 	8	5	820.77 	838.97 	55.65 
357	69.89 	30.81 	8	1	926.55 	952.51 	54.91 
358	74.04 	24.34 	8	3	589.43 	618.33 	64.68 
359	66.36 	27.13 	8	2	1134.18 	1156.12 	51.21 
360	72.59 	26.91 	8	3	559.78 	587.20 	64.59 
361	66.72 	24.92 	8	4	437.41 	455.44 	56.43 
362	69.21 	36.28 	8	1	493.60 	521.13 	54.53 
363	72.48 	21.37 	8	1	1050.82 	1079.31 	51.63 
364	66.91 	37.32 	8	1	889.16 	922.70 	63.12 
365	67.84 	25.97 	8	2	1177.26 	1208.79 	54.90 
366	71.84 	28.81 	8	3	945.31 	971.67 	45.44 
367	78.88 	27.23 	8	2	36.74 	66.05 	54.05 
368	71.16 	19.83 	8	4	74.78 	101.98 	51.26 
369	76.43 	27.59 	8	1	784.67 	812.25 	58.47 
370	67.52 	32.40 	8	2	237.78 	268.78 	53.22 
371	69.31 	31.00 	8	4	974.53 	996.89 	49.06 
372	68.46 	29.33 	8	3	613.18 	646.88 	63.84 
373	68.57 	28.08 	8	4	397.36 	417.00 	59.80 
374	69.97 	25.89 	8	1	1147.38 	1169.70 	49.55 
375	74.04 	24.54 	8	2	512.94 	533.52 	49.39 
376	73.05 	24.93 	8	4	85.76 	115.97 	56.96 
377	74.11 	29.11 	8	2	999.81 	1022.94 	45.65 
378	71.06 	26.72 	8	4	1061.87 	1082.76 	47.79 
379	68.75 	31.88 	8	1	251.40 	278.97 	56.83 
380	73.76 	26.55 	8	3	816.01 	839.46 	53.98 
381	67.84 	29.50 	8	1	419.79 	443.97 	45.51 
382	71.98 	26.55 	8	1	803.91 	818.19 	56.72 
383	68.63 	28.21 	8	5	718.33 	730.05 	57.76 
384	68.14 	25.33 	8	3	1153.95 	1185.12 	48.65 
385	68.62 	23.37 	8	2	1077.90 	1103.89 	56.84 
386	72.12 	29.21 	8	3	929.17 	958.24 	48.48 
387	69.12 	25.31 	8	2	654.66 	679.50 	55.05 
388	66.73 	32.61 	8	4	692.28 	724.27 	52.55 
389	68.42 	32.19 	8	3	155.94 	185.21 	64.23 
390	72.28 	23.96 	8	2	619.83 	637.79 	47.45 
391	69.62 	28.86 	8	1	447.43 	477.10 	58.41 
392	74.46 	22.19 	8	3	1027.89 	1051.40 	64.43 
393	72.31 	25.41 	8	2	451.32 	474.00 	60.45 
394	75.49 	24.92 	8	2	334.45 	368.24 	56.29 
395	70.18 	31.97 	8	2	1036.33 	1055.77 	64.06 
396	70.15 	31.36 	8	4	1009.54 	1036.77 	51.55 
397	69.81 	30.82 	8	5	393.72 	410.02 	45.30 
398	74.63 	25.33 	8	3	899.91 	912.82 	48.44 
399	69.12 	26.94 	8	1	421.37 	446.94 	62.36 
400	68.48 	31.86 	8	1	654.82 	675.02 	49.47 
