12           3           2         1          2         16


1	1	2	0	1200	400	600	30
2	2	2	0	1200	400	600	30
3	0	5	0	1200	400	600	30

1	33 	-33 	1	
2	33 	-33 	1	
3	-33 	33 	2	
4	-33	33 	2	

1	43.44 	-42.03 	1	1	569.33 	627.19 	60.83 
2	14.40 	-52.63 	1	4	535.68 	579.13 	64.36 
3	45.43 	-31.68 	1	2	753.82 	807.08 	52.33 
4	20.76 	-9.74 	1	2	1020.89 	1075.86 	60.66 
5	25.70 	-55.51 	1	5	74.88 	132.49 	52.84 
6	20.68 	-12.76 	1	1	694.98 	750.79 	49.02 
7	-6.08 	63.34 	2	5	636.00 	691.20 	54.45 
8	-4.69 	50.42 	2	1	280.86 	333.13 	57.74 
9	-32.72 	26.73 	2	1	1079.24 	1129.01 	45.32 
10	-40.03 	53.10 	2	2	1112.27 	1156.53 	57.99 
11	-11.95 	26.63 	2	1	148.23 	208.82 	59.09 
12	-43.40 	0.90 	2	2	423.03 	481.14 	47.15 
