48           10              8              2                4             56     

1	1	1	0	1200	400	600	30
2	1	3	0	1200	400	600	30
3	2	1	0	1200	400	600	30
4	2	3	0	1200	400	600	30
5	3	1	0	1200	400	600	30
6	3	3	0	1200	400	600	30
7	4	2	0	1200	400	600	30
8	4	3	0	1200	400	600	30
9	0	5	0	1200	400	600	30
10	0	5	0	1200	400	600	30


1              0 	75        1              
2              0 	75        1             
3              75 	  0        2              
4              75 	  0        2             
5               0            -75        3              
6               0            -75        3             
7              -75             0        4              
8              -75             0        4             

1	-1.45 	50.07 	1	1	1103.65 	1126.95 	61.92 
2	2.92 	104.62 	1	1	786.62 	822.94 	59.67 
3	-34.93 	81.22 	1	1	858.23 	876.14 	55.23 
4	9.13 	71.85 	1	2	188.66 	217.16 	50.16 
5	0.83 	90.57 	1	3	1081.40 	1106.70 	53.45 
6	-28.00 	58.52 	1	5	240.37 	269.26 	55.48 
7	-26.20 	104.95 	1	3	665.95 	697.71 	57.54 
8	0.24 	82.66 	1	2	453.73 	479.90 	60.57 
9	-26.40 	101.98 	1	4	993.18 	1023.48 	57.95 
10	-15.81 	73.76 	1	4	925.79 	962.16 	57.52 
11	5.12 	101.67 	1	2	89.42 	111.82 	58.31 
12	15.38 	52.54 	1	3	927.35 	961.48 	49.40 
13	53.93 	-32.99 	2	3	251.94 	277.62 	63.28 
14	100.40 	33.10 	2	5	577.51 	596.27 	52.18 
15	62.42 	-24.19 	2	1	465.21 	484.74 	64.05 
16	86.51 	-20.55 	2	2	345.11 	362.79 	46.02 
17	46.26 	-8.46 	2	3	94.50 	120.16 	58.22 
18	62.42 	17.05 	2	2	291.48 	304.99 	51.44 
19	43.55 	-23.89 	2	2	867.29 	895.92 	63.26 
20	90.99 	26.35 	2	4	1185.87 	1212.29 	46.34 
21	62.35 	-25.05 	2	1	1182.40 	1202.97 	61.75 
22	69.13 	-7.32 	2	3	50.87 	82.37 	46.93 
23	107.68 	34.93 	2	1	832.35 	858.11 	64.01 
24	56.89 	-11.66 	2	4	218.83 	251.81 	46.73 
25	21.59 	-46.93 	3	1	200.97 	215.11 	57.82 
26	1.72 	-87.97 	3	3	724.98 	756.46 	61.01 
27	13.78 	-98.04 	3	1	616.65 	644.00 	58.07 
28	-13.77 	-66.50 	3	4	578.12 	601.12 	58.37 
29	15.72 	-95.43 	3	3	430.83 	463.71 	51.83 
30	-2.13 	-91.18 	3	4	1026.05 	1057.16 	45.62 
31	-32.14 	-40.86 	3	3	419.97 	439.54 	53.50 
32	24.12 	-92.76 	3	1	55.78 	88.55 	46.15 
33	-12.39 	-59.13 	3	5	1068.32 	1086.66 	54.39 
34	-23.31 	-101.03 	3	2	330.71 	366.02 	48.26 
35	-25.55 	-58.78 	3	2	302.88 	325.95 	63.25 
36	13.63 	-51.73 	3	2	556.37 	574.80 	58.57 
37	-107.24 	1.85 	4	3	668.77 	695.53 	60.84 
38	-45.41 	19.00 	4	4	820.11 	837.64 	51.15 
39	-91.57 	5.45 	4	5	534.24 	552.01 	59.48 
40	-46.16 	29.28 	4	1	511.44 	540.68 	45.17 
41	-64.07 	-9.89 	4	3	293.62 	322.52 	64.50 
42	-62.59 	-27.04 	4	2	778.00 	795.30 	50.35 
43	-95.50 	-31.22 	4	5	711.40 	734.89 	59.05 
44	-76.90 	25.49 	4	1	849.64 	890.29 	56.71 
45	-42.79 	-16.64 	4	2	172.09 	208.55 	54.78 
46	-76.23 	29.09 	4	1	294.30 	317.71 	48.79 
47	-66.22 	-25.42 	4	2	1129.70 	1152.33 	62.15 
48	-90.69 	11.48 	4	3	991.06 	1013.11 	61.19 
