200           32              24              8                4             208

1	1	1	0	1200	400	600	30
2	1	1	0	1200	400	600	30
3	1	2	0	1200	400	600	30
4	1	2	0	1200	400	600	30
5	1	3	0	1200	400	600	30
6	1	3	0	1200	400	600	30
7	2	1	0	1200	400	600	30
8	2	1	0	1200	400	600	30
9	2	2	0	1200	400	600	30
10	2	2	0	1200	400	600	30
11	2	3	0	1200	400	600	30
12	2	3	0	1200	400	600	30
13	3	1	0	1200	400	600	30
14	3	1	0	1200	400	600	30
15	3	2	0	1200	400	600	30
16	3	2	0	1200	400	600	30
17	3	3	0	1200	400	600	30
18	3	3	0	1200	400	600	30
19	4	1	0	1200	400	600	30
20	4	1	0	1200	400	600	30
21	4	2	0	1200	400	600	30
22	4	2	0	1200	400	600	30
23	4	3	0	1200	400	600	30
24	4	3	0	1200	400	600	30
25	0	5	0	1200	400	600	30
26	0	5	0	1200	400	600	30
27	0	5	0	1200	400	600	30
28	0	5	0	1200	400	600	30
29	0	5	0	1200	400	600	30
30	0	5	0	1200	400	600	30
31	0	5	0	1200	400	600	30
32	0	5	0	1200	400	600	30


1              0 	75        1              
2              0 	75        1             
3              75 	  0        2             
4              75 	  0        2             
5               0            -75        3              
6               0            -75        3             
7              -75             0        4              
8              -75             0        4             


1	-4.78 	47.29 	1	1	951.27 	1012.25 	62.98 
2	8.16 	74.07 	1	2	247.09 	307.37 	45.80 
3	-28.45 	44.19 	1	3	866.60 	917.26 	62.18 
4	7.67 	41.65 	1	5	1107.06 	1151.91 	47.32 
5	9.82 	51.96 	1	1	228.89 	282.46 	64.84 
6	-26.82 	62.32 	1	2	664.38 	721.42 	49.33 
7	-23.84 	91.74 	1	5	980.51 	1033.40 	52.60 
8	-8.64 	86.88 	1	1	603.36 	658.42 	51.15 
9	-10.52 	61.75 	1	2	1023.13 	1077.02 	50.88 
10	5.08 	75.36 	1	3	237.25 	295.93 	54.93 
11	25.15 	66.04 	1	3	806.37 	860.31 	56.89 
12	10.89 	69.22 	1	4	823.43 	879.41 	45.52 
13	-3.78 	57.99 	1	5	1064.91 	1112.59 	50.12 
14	6.42 	79.90 	1	2	617.27 	676.61 	46.40 
15	30.43 	99.48 	1	5	144.14 	205.50 	45.72 
16	17.07 	79.76 	1	1	72.04 	131.58 	63.16 
17	-21.47 	102.03 	1	4	568.96 	613.26 	59.99 
18	-0.70 	83.02 	1	3	1161.39 	1207.32 	55.10 
19	-24.93 	107.13 	1	2	789.75 	847.49 	52.63 
20	-27.21 	63.92 	1	2	101.75 	150.54 	49.73 
21	9.17 	51.94 	1	3	946.40 	1001.10 	52.76 
22	25.41 	108.30 	1	4	1169.48 	1228.98 	61.92 
23	1.65 	70.79 	1	2	59.27 	125.19 	56.24 
24	2.90 	92.89 	1	1	364.65 	426.94 	55.99 
25	-5.23 	79.94 	1	1	423.40 	477.93 	49.98 
26	6.93 	75.49 	1	3	345.55 	395.87 	45.33 
27	27.19 	45.55 	1	2	1136.11 	1194.15 	59.80 
28	29.83 	75.71 	1	2	774.16 	823.33 	46.87 
29	-5.50 	47.82 	1	5	1148.65 	1211.50 	61.86 
30	-25.84 	97.46 	1	2	453.77 	498.20 	57.74 
31	28.89 	109.26 	1	3	795.58 	853.78 	46.34 
32	-16.45 	84.93 	1	2	526.32 	570.86 	62.23 
33	-25.46 	61.82 	1	3	647.24 	698.79 	48.50 
34	-7.97 	83.39 	1	5	1034.71 	1094.50 	48.63 
35	20.71 	42.88 	1	1	650.33 	705.30 	55.84 
36	22.98 	45.03 	1	5	1093.15 	1149.70 	60.43 
37	-21.15 	46.23 	1	3	286.71 	338.63 	57.27 
38	14.09 	106.11 	1	4	947.91 	1006.40 	57.41 
39	-12.84 	65.44 	1	5	182.33 	230.88 	46.59 
40	6.67 	98.15 	1	1	913.71 	959.49 	54.29 
41	-33.84 	73.79 	1	1	355.52 	429.02 	50.04 
42	12.52 	94.78 	1	5	1044.22 	1098.21 	51.77 
43	-5.80 	45.56 	1	5	926.25 	987.43 	60.35 
44	-30.68 	45.40 	1	3	638.41 	682.13 	64.86 
45	-6.99 	96.70 	1	2	334.09 	385.89 	47.59 
46	-31.25 	83.21 	1	1	542.11 	606.10 	59.29 
47	5.73 	77.62 	1	3	428.83 	478.66 	50.93 
48	-18.06 	93.61 	1	1	852.36 	908.67 	60.81 
49	13.26 	74.75 	1	3	728.70 	793.42 	63.23 
50	33.79 	43.86 	1	1	695.41 	748.77 	63.36 
51	108.58 	-0.70 	2	3	722.23 	784.78 	64.49 
52	47.80 	-2.48 	2	5	627.79 	676.06 	53.36 
53	72.17 	26.34 	2	3	759.28 	818.17 	46.33 
54	78.70 	-21.23 	2	3	218.92 	279.31 	62.49 
55	96.90 	-33.95 	2	5	1163.40 	1219.96 	46.46 
56	107.43 	-24.75 	2	1	967.40 	1017.89 	58.88 
57	56.77 	-15.72 	2	2	21.23 	79.34 	49.24 
58	44.19 	2.66 	2	4	515.90 	575.35 	60.34 
59	75.97 	-24.18 	2	5	853.18 	905.70 	52.50 
60	64.51 	-13.75 	2	3	274.45 	328.57 	57.16 
61	66.35 	-4.59 	2	2	639.49 	696.09 	61.23 
62	73.18 	-32.68 	2	5	171.99 	230.32 	47.54 
63	46.20 	-31.67 	2	1	515.59 	574.11 	58.84 
64	94.40 	-27.15 	2	3	784.57 	836.30 	51.57 
65	68.72 	9.56 	2	2	485.29 	540.19 	51.37 
66	72.29 	-29.46 	2	3	735.08 	781.69 	47.97 
67	61.11 	-18.15 	2	2	178.69 	223.83 	54.81 
68	44.11 	-6.95 	2	1	528.92 	596.26 	64.63 
69	85.30 	-4.55 	2	3	830.40 	887.45 	48.63 
70	43.26 	-20.24 	2	4	555.33 	605.62 	55.03 
71	60.17 	4.38 	2	1	270.35 	321.38 	63.27 
72	105.31 	-30.27 	2	5	615.72 	679.43 	50.73 
73	91.58 	-26.26 	2	1	510.68 	559.66 	47.11 
74	107.66 	4.58 	2	5	1101.85 	1164.37 	57.24 
75	87.78 	0.84 	2	3	208.94 	262.53 	56.76 
76	85.55 	23.37 	2	2	284.63 	336.69 	63.25 
77	56.79 	17.15 	2	3	735.98 	799.49 	57.96 
78	58.15 	-30.40 	2	3	28.28 	85.95 	46.13 
79	95.05 	0.76 	2	2	1003.10 	1066.09 	64.52 
80	58.40 	-13.58 	2	1	269.22 	316.16 	57.59 
81	75.37 	14.04 	2	2	272.00 	329.43 	54.26 
82	63.93 	17.88 	2	1	869.25 	937.94 	58.56 
83	45.29 	-13.13 	2	5	874.19 	924.47 	62.12 
84	90.73 	16.27 	2	1	789.86 	840.37 	47.69 
85	82.93 	-15.35 	2	5	1115.50 	1169.23 	60.72 
86	46.47 	-6.62 	2	2	1020.56 	1083.56 	48.98 
87	42.99 	-5.62 	2	2	44.44 	99.09 	63.12 
88	76.68 	-12.72 	2	4	534.67 	588.00 	59.96 
89	100.68 	-6.81 	2	1	1015.23 	1069.22 	52.60 
90	83.22 	-7.95 	2	5	48.66 	101.33 	55.63 
91	56.48 	27.95 	2	4	744.20 	798.95 	59.80 
92	53.05 	23.58 	2	5	593.51 	644.70 	58.05 
93	54.81 	-30.03 	2	2	260.15 	320.08 	45.07 
94	105.64 	28.53 	2	1	850.68 	915.88 	54.65 
95	94.88 	-24.32 	2	2	606.29 	660.61 	56.09 
96	90.05 	-27.20 	2	2	939.45 	1004.08 	61.90 
97	49.98 	16.48 	2	3	75.24 	135.11 	51.56 
98	59.46 	-2.73 	2	1	348.54 	401.13 	62.86 
99	60.45 	30.35 	2	1	1071.28 	1140.07 	58.30 
100	66.07 	-30.16 	2	3	954.67 	1011.93 	60.37 
101	8.80 	-78.19 	3	1	700.13 	751.10 	64.28 
102	-0.33 	-57.43 	3	1	893.96 	951.10 	58.46 
103	28.66 	-66.33 	3	4	806.01 	858.47 	56.98 
104	-33.80 	-76.11 	3	2	373.49 	423.92 	50.82 
105	-25.68 	-88.16 	3	3	945.32 	987.27 	61.57 
106	-32.93 	-90.49 	3	1	208.48 	262.37 	61.53 
107	-3.96 	-48.30 	3	2	505.28 	562.29 	63.83 
108	7.39 	-94.17 	3	3	194.86 	237.28 	55.43 
109	32.47 	-105.34 	3	1	709.03 	764.01 	60.39 
110	21.83 	-42.15 	3	3	20.60 	85.80 	61.02 
111	17.91 	-109.22 	3	5	403.59 	456.66 	52.05 
112	-34.03 	-59.42 	3	3	540.26 	603.59 	60.29 
113	-9.77 	-97.97 	3	3	269.09 	328.27 	59.75 
114	-17.85 	-79.79 	3	2	578.43 	636.15 	45.74 
115	13.51 	-49.87 	3	1	1015.06 	1054.12 	62.13 
116	-11.21 	-61.20 	3	1	495.23 	550.03 	64.62 
117	22.11 	-97.14 	3	2	1045.04 	1105.48 	56.63 
118	28.02 	-60.16 	3	2	330.39 	390.97 	49.41 
119	7.66 	-93.85 	3	2	488.72 	538.69 	50.29 
120	-33.50 	-59.57 	3	3	121.45 	181.45 	45.87 
121	-7.33 	-94.57 	3	2	818.68 	873.05 	53.06 
122	35.00 	-74.50 	3	1	150.71 	214.98 	46.67 
123	13.30 	-87.60 	3	1	1078.24 	1139.58 	53.74 
124	-17.29 	-80.69 	3	2	767.20 	825.04 	49.62 
125	-24.23 	-90.21 	3	5	34.82 	89.26 	55.41 
126	-23.52 	-83.47 	3	5	896.02 	944.66 	51.52 
127	33.48 	-72.67 	3	1	432.53 	488.83 	57.88 
128	-21.14 	-53.72 	3	3	458.90 	504.85 	52.57 
129	-8.73 	-63.58 	3	5	729.22 	780.18 	45.66 
130	27.63 	-94.17 	3	4	997.34 	1043.72 	61.32 
131	-27.90 	-107.93 	3	2	948.79 	1002.17 	62.68 
132	-18.95 	-80.42 	3	2	174.99 	223.29 	49.72 
133	23.87 	-40.72 	3	1	226.36 	288.28 	58.07 
134	-7.56 	-43.64 	3	3	173.78 	234.03 	56.09 
135	-27.29 	-53.13 	3	3	384.70 	439.36 	59.09 
136	10.64 	-68.02 	3	3	661.24 	729.12 	45.26 
137	34.02 	-86.14 	3	1	906.63 	955.42 	58.51 
138	-28.07 	-72.27 	3	3	271.30 	326.69 	48.21 
139	31.92 	-61.78 	3	1	420.11 	481.06 	56.50 
140	-24.29 	-83.12 	3	5	1160.25 	1211.88 	45.46 
141	-5.70 	-90.65 	3	2	756.76 	824.48 	49.60 
142	-9.90 	-73.64 	3	4	559.09 	611.02 	55.55 
143	5.05 	-62.01 	3	5	741.62 	804.74 	63.64 
144	5.79 	-64.81 	3	5	1119.32 	1176.69 	61.02 
145	12.17 	-61.32 	3	4	191.07 	248.71 	45.77 
146	24.45 	-72.17 	3	5	570.11 	622.12 	64.09 
147	23.38 	-86.06 	3	3	1035.41 	1087.19 	52.32 
148	8.12 	-75.93 	3	5	699.82 	754.60 	56.57 
149	6.77 	-50.58 	3	2	1133.04 	1177.65 	58.33 
150	12.49 	-83.56 	3	5	367.95 	417.29 	60.22 
151	-65.30 	18.33 	4	5	482.81 	530.72 	59.80 
152	-52.43 	-25.51 	4	1	1018.98 	1067.22 	53.18 
153	-49.82 	28.76 	4	4	828.96 	883.99 	49.59 
154	-104.70 	18.76 	4	3	130.62 	185.81 	46.23 
155	-52.66 	-27.71 	4	5	625.77 	668.43 	57.48 
156	-56.74 	-19.62 	4	4	728.35 	785.96 	46.42 
157	-109.47 	16.60 	4	1	946.23 	999.90 	46.72 
158	-50.89 	-13.05 	4	3	633.41 	690.43 	57.96 
159	-77.58 	30.97 	4	1	90.28 	149.32 	47.41 
160	-80.95 	-18.37 	4	1	119.46 	181.13 	62.41 
161	-58.78 	-9.22 	4	2	818.58 	875.53 	55.78 
162	-84.66 	23.47 	4	2	668.17 	730.83 	46.06 
163	-101.18 	0.59 	4	5	544.72 	590.68 	48.89 
164	-92.42 	24.79 	4	5	683.63 	730.04 	56.65 
165	-48.70 	-17.57 	4	5	330.89 	385.71 	48.96 
166	-63.50 	33.71 	4	5	837.12 	900.52 	51.77 
167	-79.33 	-9.23 	4	1	180.27 	239.12 	62.37 
168	-50.74 	6.98 	4	2	278.78 	343.79 	61.44 
169	-101.85 	15.40 	4	1	960.16 	997.05 	64.63 
170	-92.72 	-18.32 	4	2	1161.66 	1211.19 	46.89 
171	-78.80 	12.92 	4	1	192.69 	239.35 	52.20 
172	-52.01 	23.73 	4	3	543.02 	595.09 	56.09 
173	-102.16 	-30.31 	4	3	213.38 	263.42 	47.68 
174	-98.90 	30.94 	4	5	277.05 	324.68 	58.13 
175	-100.67 	3.52 	4	3	890.53 	946.55 	49.37 
176	-44.22 	-24.18 	4	1	1016.62 	1073.51 	63.57 
177	-109.68 	-20.60 	4	1	1058.84 	1117.18 	64.75 
178	-97.81 	-13.98 	4	3	207.43 	259.10 	62.47 
179	-79.15 	31.02 	4	5	1127.37 	1182.89 	64.28 
180	-94.99 	4.32 	4	3	900.69 	951.55 	48.94 
181	-80.85 	-0.02 	4	3	376.57 	436.85 	54.42 
182	-78.59 	-7.78 	4	2	760.17 	824.14 	56.64 
183	-106.11 	15.81 	4	3	553.16 	602.43 	63.66 
184	-94.46 	12.72 	4	2	101.86 	159.44 	57.89 
185	-60.59 	14.47 	4	4	481.11 	541.33 	46.90 
186	-109.34 	-18.77 	4	2	1112.93 	1157.41 	58.92 
187	-53.66 	21.89 	4	1	652.08 	710.43 	52.76 
188	-76.23 	8.02 	4	5	363.97 	413.68 	47.75 
189	-72.67 	-2.04 	4	1	853.39 	903.83 	57.65 
190	-40.10 	29.46 	4	5	891.83 	952.79 	50.84 
191	-100.71 	-13.60 	4	2	865.01 	927.38 	61.14 
192	-56.10 	-10.15 	4	2	100.78 	153.62 	52.90 
193	-97.46 	-22.49 	4	2	970.75 	1022.78 	64.17 
194	-99.94 	-19.14 	4	2	630.10 	686.78 	60.12 
195	-59.72 	15.02 	4	3	683.39 	737.03 	59.18 
196	-46.55 	23.89 	4	1	1139.07 	1200.71 	58.13 
197	-45.44 	0.11 	4	2	736.24 	793.51 	59.22 
198	-105.22 	1.07 	4	4	928.95 	977.31 	48.76 
199	-88.91 	23.92 	4	3	789.08 	834.61 	45.23 
200	-104.56 	-24.06 	4	3	1121.75 	1170.93 	58.90 
