200           32              24              8               8             216


1	1	2	0	1200	400	600	30
2	1	2	0	1200	400	600	30
3	1	3	0	1200	400	600	30
4	2	2	0	1200	400	600	30
5	2	2	0	1200	400	600	30
6	2	3	0	1200	400	600	30
7	3	1	0	1200	400	600	30
8	3	2	0	1200	400	600	30
9	3	3	0	1200	400	600	30
10	4	2	0	1200	400	600	30
11	4	2	0	1200	400	600	30
12	4	3	0	1200	400	600	30
13	5	2	0	1200	400	600	30
14	5	2	0	1200	400	600	30
15	5	3	0	1200	400	600	30
16	6	1	0	1200	400	600	30
17	6	2	0	1200	400	600	30
18	6	3	0	1200	400	600	30
19	7	2	0	1200	400	600	30
20	7	2	0	1200	400	600	30
21	7	3	0	1200	400	600	30
22	8	2	0	1200	400	600	30
23	8	2	0	1200	400	600	30
24	8	3	0	1200	400	600	30
25	0	5	0	1200	400	600	30
26	0	5	0	1200	400	600	30
27	0	5	0	1200	400	600	30
28	0	5	0	1200	400	600	30
29	0	5	0	1200	400	600	30
30	0	5	0	1200	400	600	30
31	0	5	0	1200	400	600	30
32	0	5	0	1200	400	600	30


1              -9.52 	-3.40          1            
2              -9.52 	-3.40          1             
3                8.44 	3.18          2              
4                8.44 	3.18          2             
5               -5.94 	15.86          3              
6               -5.94 	15.86          3             
7              25.98 	10.28           4              
8              25.98 	10.28           4             
9               12.02 	21.24          5              
10             12.02 	21.24          5             
11            42.67 	16.28         6              
12            42.67 	16.28          6             
13             28.44 	27.76          7              
14             28.44 	27.76          7            
15             60.40 	21.79           8              
16             60.40 	21.79           8             


1	-11.77 	-4.89 	1	5	89.66 	141.43 	55.81 
2	-10.78 	-3.72 	1	4	1069.42 	1132.33 	64.33 
3	-4.83 	-1.89 	1	1	831.12 	876.32 	49.33 
4	-9.40 	0.89 	1	4	853.84 	905.77 	47.09 
5	-12.58 	-3.68 	1	3	1012.03 	1064.00 	57.22 
6	-8.78 	-3.26 	1	2	613.40 	662.24 	64.74 
7	-3.82 	-2.34 	1	4	184.45 	244.83 	62.22 
8	-10.05 	-1.03 	1	1	250.35 	314.17 	49.92 
9	-7.21 	0.60 	1	3	31.09 	81.85 	64.63 
10	-9.16 	-5.45 	1	2	1109.16 	1161.90 	62.09 
11	-10.14 	-3.93 	1	2	1071.80 	1131.58 	53.48 
12	-8.57 	-6.26 	1	3	536.42 	588.34 	52.29 
13	-9.78 	-1.68 	1	1	121.59 	172.01 	48.00 
14	-6.84 	-6.34 	1	1	574.69 	621.34 	57.81 
15	-9.37 	-2.94 	1	1	799.65 	853.51 	56.48 
16	-12.17 	-1.84 	1	2	644.82 	691.00 	49.66 
17	-8.53 	-6.85 	1	3	238.89 	292.19 	51.14 
18	-15.67 	-7.92 	1	2	374.85 	430.81 	50.43 
19	-10.76 	-6.71 	1	3	129.67 	181.46 	50.09 
20	-8.32 	-1.71 	1	4	536.52 	592.25 	45.14 
21	-10.20 	0.03 	1	1	282.20 	328.86 	60.18 
22	-10.67 	-1.32 	1	5	177.28 	233.84 	46.16 
23	-7.79 	-3.66 	1	1	258.50 	316.58 	50.93 
24	-9.44 	-1.91 	1	2	329.00 	391.21 	56.88 
25	-11.27 	-7.09 	1	3	655.76 	716.33 	45.07 
26	8.24 	5.54 	2	3	318.12 	373.96 	60.74 
27	8.10 	2.26 	2	3	355.37 	408.76 	58.09 
28	8.15 	0.33 	2	3	385.08 	435.91 	64.26 
29	6.90 	4.67 	2	4	219.22 	273.79 	56.95 
30	8.79 	0.19 	2	1	695.72 	745.42 	54.93 
31	9.68 	0.39 	2	2	1063.49 	1125.83 	47.69 
32	9.10 	0.31 	2	5	259.95 	310.06 	58.81 
33	8.53 	4.56 	2	5	397.59 	459.59 	53.66 
34	10.28 	6.03 	2	3	49.97 	107.99 	55.82 
35	8.82 	5.03 	2	1	284.44 	332.29 	48.86 
36	7.05 	2.42 	2	4	975.54 	1030.91 	54.62 
37	6.49 	2.07 	2	2	1009.03 	1061.13 	45.87 
38	7.05 	4.36 	2	4	810.29 	875.90 	62.46 
39	9.48 	3.98 	2	4	1070.53 	1127.57 	48.89 
40	9.66 	5.54 	2	3	1135.82 	1192.77 	59.96 
41	8.83 	3.08 	2	2	610.99 	662.94 	47.24 
42	7.65 	1.98 	2	1	71.27 	124.15 	63.42 
43	9.21 	5.50 	2	1	954.03 	1009.92 	55.57 
44	8.58 	7.17 	2	2	538.56 	584.56 	48.34 
45	6.85 	-0.32 	2	1	688.30 	742.45 	51.53 
46	9.56 	4.05 	2	2	122.31 	168.71 	61.34 
47	8.29 	2.38 	2	2	213.23 	261.30 	64.94 
48	6.29 	3.31 	2	1	906.09 	949.03 	53.49 
49	9.44 	0.49 	2	3	66.90 	123.73 	51.93 
50	10.07 	4.06 	2	1	878.16 	939.97 	50.79 
51	-7.91 	14.55 	3	1	131.63 	179.11 	46.34 
52	-8.29 	17.95 	3	5	839.15 	891.65 	48.49 
53	-12.37 	12.13 	3	2	641.00 	692.78 	51.42 
54	-5.01 	16.85 	3	4	317.32 	382.67 	47.22 
55	-7.53 	19.01 	3	1	493.06 	555.42 	45.84 
56	-5.44 	16.31 	3	1	867.66 	932.35 	58.67 
57	-6.67 	11.73 	3	2	262.63 	318.59 	62.84 
58	-1.42 	17.73 	3	3	1153.60 	1205.63 	48.35 
59	-8.57 	12.14 	3	2	880.01 	946.33 	61.33 
60	-2.55 	17.98 	3	1	750.19 	794.70 	59.34 
61	-3.10 	15.42 	3	5	1028.96 	1074.46 	48.08 
62	-5.53 	15.38 	3	2	815.33 	873.01 	45.49 
63	-7.37 	15.10 	3	1	314.22 	359.14 	59.74 
64	-7.72 	15.81 	3	2	1032.90 	1088.66 	54.92 
65	-5.85 	13.65 	3	3	1111.43 	1162.94 	47.08 
66	-4.36 	16.21 	3	3	179.97 	230.41 	60.37 
67	-3.18 	16.43 	3	4	936.32 	986.98 	51.16 
68	-6.65 	16.60 	3	3	499.80 	553.42 	49.09 
69	-6.87 	14.67 	3	4	830.74 	885.88 	46.48 
70	-5.20 	20.68 	3	3	461.48 	521.03 	51.92 
71	-8.02 	13.73 	3	2	332.15 	388.39 	50.98 
72	-4.64 	16.09 	3	1	241.10 	299.31 	60.83 
73	-3.61 	16.95 	3	1	677.11 	733.16 	50.72 
74	-6.02 	19.09 	3	3	688.44 	733.27 	49.98 
75	-4.60 	14.23 	3	4	507.30 	549.57 	55.53 
76	27.15 	11.57 	4	2	200.58 	257.63 	58.52 
77	24.57 	13.48 	4	3	651.64 	701.76 	64.85 
78	27.28 	12.94 	4	3	860.87 	909.09 	63.27 
79	26.67 	11.92 	4	5	1098.28 	1143.60 	48.07 
80	29.29 	8.59 	4	3	516.59 	578.46 	55.56 
81	25.48 	10.99 	4	1	829.96 	886.51 	48.31 
82	28.15 	8.67 	4	5	245.98 	302.58 	61.37 
83	26.45 	11.57 	4	4	805.41 	867.06 	47.56 
84	26.09 	10.57 	4	3	335.24 	395.41 	50.66 
85	26.55 	9.09 	4	2	1029.64 	1081.15 	64.83 
86	25.83 	10.27 	4	3	479.83 	535.50 	60.09 
87	24.73 	9.78 	4	1	249.34 	303.66 	48.93 
88	28.18 	10.76 	4	1	717.26 	771.19 	46.64 
89	24.63 	9.35 	4	4	133.92 	186.67 	50.32 
90	24.80 	7.94 	4	2	1047.19 	1102.25 	64.07 
91	22.86 	8.03 	4	2	918.90 	968.47 	51.16 
92	23.56 	8.49 	4	1	123.98 	179.46 	54.44 
93	24.94 	12.47 	4	4	890.60 	947.55 	47.97 
94	24.27 	9.36 	4	1	666.80 	723.23 	64.41 
95	23.07 	12.41 	4	4	877.75 	919.36 	50.82 
96	21.74 	10.49 	4	1	182.92 	226.44 	47.05 
97	32.38 	12.29 	4	1	648.13 	710.24 	58.33 
98	24.17 	9.87 	4	3	313.52 	364.43 	49.07 
99	28.03 	6.13 	4	2	574.41 	631.89 	59.98 
100	28.61 	10.02 	4	2	711.80 	766.42 	47.44 
101	8.85 	18.55 	5	2	191.69 	243.41 	57.44 
102	11.37 	15.69 	5	4	566.36 	620.94 	56.87 
103	13.41 	19.49 	5	1	707.47 	764.45 	55.74 
104	13.86 	24.24 	5	4	865.21 	921.55 	61.46 
105	14.57 	22.16 	5	5	876.91 	923.86 	48.78 
106	6.57 	20.61 	5	2	624.69 	671.10 	47.92 
107	12.48 	19.86 	5	3	59.01 	106.31 	48.13 
108	14.00 	20.80 	5	1	893.70 	954.74 	64.02 
109	9.81 	23.01 	5	2	1154.22 	1209.39 	57.71 
110	11.07 	18.61 	5	1	602.15 	651.64 	50.87 
111	14.71 	22.25 	5	1	1125.54 	1180.94 	60.86 
112	13.67 	16.02 	5	1	734.45 	788.73 	62.62 
113	12.32 	23.75 	5	3	353.05 	408.87 	55.77 
114	14.48 	21.17 	5	3	196.44 	244.89 	58.47 
115	13.46 	23.39 	5	4	224.31 	277.52 	64.65 
116	12.52 	24.50 	5	4	362.03 	415.40 	45.88 
117	8.56 	21.60 	5	2	563.16 	620.38 	49.39 
118	11.93 	21.83 	5	3	1026.60 	1082.56 	53.49 
119	10.47 	21.08 	5	3	1061.89 	1121.05 	50.73 
120	16.82 	25.07 	5	3	716.71 	774.38 	58.03 
121	13.61 	25.49 	5	5	188.43 	243.45 	59.28 
122	9.75 	24.05 	5	2	330.64 	378.38 	53.37 
123	10.59 	18.22 	5	2	1131.68 	1190.56 	46.35 
124	8.49 	19.34 	5	1	310.04 	353.42 	53.99 
125	13.26 	20.31 	5	1	603.44 	654.82 	63.21 
126	42.81 	17.71 	6	4	1028.71 	1071.65 	49.13 
127	42.47 	18.07 	6	5	840.35 	894.73 	57.46 
128	41.82 	16.11 	6	3	1165.33 	1222.58 	63.43 
129	41.48 	16.17 	6	2	891.38 	938.73 	51.21 
130	45.51 	16.44 	6	1	1102.51 	1156.55 	57.91 
131	39.97 	17.09 	6	2	1067.22 	1129.06 	53.80 
132	42.84 	13.09 	6	1	687.49 	740.63 	51.71 
133	41.91 	17.51 	6	3	323.27 	374.62 	45.16 
134	43.52 	16.42 	6	3	35.37 	96.71 	58.92 
135	42.17 	16.92 	6	1	615.35 	666.76 	60.05 
136	43.22 	15.09 	6	4	444.41 	490.21 	60.62 
137	39.73 	17.98 	6	3	183.84 	232.36 	53.58 
138	44.81 	15.46 	6	1	1145.68 	1202.56 	57.35 
139	43.66 	14.34 	6	3	803.15 	854.52 	51.34 
140	41.16 	15.56 	6	4	570.38 	629.48 	56.64 
141	42.97 	17.03 	6	1	873.30 	931.52 	46.33 
142	41.53 	17.23 	6	1	586.43 	644.14 	51.33 
143	44.98 	18.45 	6	4	636.18 	695.30 	62.66 
144	44.46 	16.45 	6	3	929.64 	984.57 	50.27 
145	41.59 	15.17 	6	2	835.58 	889.11 	54.75 
146	44.29 	15.75 	6	2	92.98 	154.73 	56.11 
147	43.83 	15.25 	6	5	856.16 	918.52 	55.33 
148	42.74 	16.81 	6	2	668.09 	717.32 	55.90 
149	42.59 	12.16 	6	2	94.14 	150.19 	57.78 
150	40.75 	18.64 	6	1	249.80 	310.20 	59.57 
151	26.35 	27.40 	7	1	213.66 	274.81 	57.07 
152	25.63 	27.19 	7	5	670.14 	725.38 	50.14 
153	26.84 	26.39 	7	3	229.71 	278.01 	64.12 
154	29.09 	28.86 	7	2	806.97 	875.19 	50.58 
155	30.84 	26.96 	7	5	377.94 	434.82 	50.94 
156	28.60 	24.39 	7	2	641.71 	695.83 	61.03 
157	30.93 	29.34 	7	3	781.74 	839.50 	51.86 
158	26.82 	30.51 	7	5	1084.21 	1144.53 	63.20 
159	27.78 	29.64 	7	2	1156.49 	1215.36 	53.85 
160	29.65 	26.61 	7	3	715.94 	772.68 	47.81 
161	29.35 	25.63 	7	2	905.24 	955.27 	62.12 
162	32.89 	22.52 	7	3	254.21 	311.30 	47.56 
163	28.38 	29.85 	7	4	715.14 	768.13 	62.56 
164	28.34 	29.08 	7	3	838.69 	888.09 	64.15 
165	31.82 	26.38 	7	1	215.85 	270.53 	45.17 
166	31.01 	25.42 	7	1	618.29 	681.35 	45.62 
167	28.27 	20.28 	7	2	1121.04 	1168.11 	52.11 
168	27.06 	29.81 	7	4	985.50 	1033.09 	51.89 
169	26.94 	31.72 	7	1	631.25 	685.84 	53.26 
170	26.98 	26.36 	7	2	70.10 	126.28 	58.81 
171	25.62 	31.15 	7	5	798.99 	860.55 	49.86 
172	31.65 	28.74 	7	1	284.43 	342.32 	56.27 
173	27.12 	30.77 	7	1	606.46 	666.31 	53.22 
174	26.15 	29.00 	7	3	350.49 	403.44 	52.11 
175	26.81 	29.94 	7	4	131.52 	178.54 	58.63 
176	56.13 	22.33 	8	5	431.79 	475.34 	57.63 
177	62.97 	22.30 	8	5	544.78 	593.96 	46.43 
178	58.89 	23.44 	8	1	520.80 	584.85 	63.36 
179	63.19 	25.25 	8	2	1001.58 	1053.79 	55.66 
180	58.70 	23.80 	8	2	839.23 	895.85 	55.05 
181	58.64 	18.90 	8	3	393.66 	447.22 	58.36 
182	65.46 	23.42 	8	5	104.26 	158.41 	62.07 
183	65.51 	22.72 	8	1	1159.94 	1212.87 	57.27 
184	56.91 	21.11 	8	3	808.41 	864.55 	54.98 
185	63.42 	16.13 	8	3	444.40 	491.46 	50.88 
186	64.72 	20.28 	8	2	1174.41 	1223.25 	45.17 
187	56.78 	23.06 	8	1	521.41 	557.44 	53.24 
188	52.91 	24.31 	8	3	471.64 	526.53 	58.25 
189	64.63 	19.24 	8	2	119.77 	159.74 	50.65 
190	54.08 	20.76 	8	1	1094.81 	1146.78 	50.57 
191	58.84 	22.01 	8	3	722.41 	781.43 	60.72 
192	67.57 	19.63 	8	4	739.19 	795.80 	53.02 
193	62.01 	21.01 	8	1	1155.30 	1200.55 	58.70 
194	57.56 	21.53 	8	4	447.52 	494.00 	59.19 
195	60.22 	16.32 	8	3	80.55 	133.82 	61.36 
196	58.94 	22.88 	8	2	455.23 	504.07 	64.83 
197	62.17 	22.00 	8	5	519.66 	580.43 	63.77 
198	65.68 	24.70 	8	4	531.95 	581.06 	45.02 
199	57.15 	24.14 	8	1	1050.74 	1103.01 	52.75 
200	56.99 	23.53 	8	2	731.02 	784.56 	45.99 
