400           64             48              16               8             416


1	1	1	0	1200	400	600	30
2	1	1	0	1200	400	600	30
3	1	2	0	1200	400	600	30
4	1	2	0	1200	400	600	30
5	1	3	0	1200	400	600	30
6	1	3	0	1200	400	600	30
7	2	1	0	1200	400	600	30
8	2	1	0	1200	400	600	30
9	2	2	0	1200	400	600	30
10	2	2	0	1200	400	600	30
11	2	3	0	1200	400	600	30
12	2	3	0	1200	400	600	30
13	3	1	0	1200	400	600	30
14	3	1	0	1200	400	600	30
15	3	2	0	1200	400	600	30
16	3	2	0	1200	400	600	30
17	3	3	0	1200	400	600	30
18	3	3	0	1200	400	600	30
19	4	1	0	1200	400	600	30
20	4	1	0	1200	400	600	30
21	4	2	0	1200	400	600	30
22	4	2	0	1200	400	600	30
23	4	3	0	1200	400	600	30
24	4	3	0	1200	400	600	30
25	5	1	0	1200	400	600	30
26	5	1	0	1200	400	600	30
27	5	2	0	1200	400	600	30
28	5	2	0	1200	400	600	30
29	5	3	0	1200	400	600	30
30	5	3	0	1200	400	600	30
31	6	1	0	1200	400	600	30
32	6	1	0	1200	400	600	30
33	6	2	0	1200	400	600	30
34	6	2	0	1200	400	600	30
35	6	3	0	1200	400	600	30
36	6	3	0	1200	400	600	30
37	7	1	0	1200	400	600	30
38	7	1	0	1200	400	600	30
39	7	2	0	1200	400	600	30
40	7	2	0	1200	400	600	30
41	7	3	0	1200	400	600	30
42	7	3	0	1200	400	600	30
43	8	1	0	1200	400	600	30
44	8	1	0	1200	400	600	30
45	8	2	0	1200	400	600	30
46	8	2	0	1200	400	600	30
47	8	3	0	1200	400	600	30
48	8	3	0	1200	400	600	30
49	0	5	0	1200	400	600	30
50	0	5	0	1200	400	600	30
51	0	5	0	1200	400	600	30
52	0	5	0	1200	400	600	30
53	0	5	0	1200	400	600	30
54	0	5	0	1200	400	600	30
55	0	5	0	1200	400	600	30
56	0	5	0	1200	400	600	30
57	0	5	0	1200	400	600	30
58	0	5	0	1200	400	600	30
59	0	5	0	1200	400	600	30
60	0	5	0	1200	400	600	30
61	0	5	0	1200	400	600	30
62	0	5	0	1200	400	600	30
63	0	5	0	1200	400	600	30
64	0	5	0	1200	400	600	30


1              -110 	110         1              
2              -110 	110         1             
3                0 	110         2             
4                0 	110         2             
5               110          110         3              
6               110          110         3             
7              -110            0          4             
8              -110            0          4             
9               110 	   0         5              
10             110 	   0         5             
11            -110 	-110         6              
12            -110 	-110         6             
13               0          -110         7              
14               0          -110         7            
15              110       -110          8              
16              110       -110          8             


1	-114.47 	86.54 	1	4	1014.15 	1072.64 	56.96 
2	-105.37 	138.99 	1	1	619.76 	671.61 	62.46 
3	-130.81 	135.03 	1	5	894.53 	950.82 	53.58 
4	-91.96 	130.29 	1	2	219.80 	275.18 	61.31 
5	-113.41 	105.03 	1	1	294.29 	344.80 	57.62 
6	-96.44 	112.93 	1	4	488.14 	549.39 	62.94 
7	-117.62 	134.66 	1	3	63.41 	115.71 	64.97 
8	-95.99 	137.83 	1	4	622.51 	673.30 	54.59 
9	-118.33 	137.24 	1	2	418.86 	465.44 	51.35 
10	-111.83 	110.42 	1	1	1095.46 	1152.29 	54.72 
11	-99.74 	111.74 	1	5	955.78 	1016.70 	56.55 
12	-115.24 	88.61 	1	1	691.52 	747.98 	63.11 
13	-85.31 	90.00 	1	2	350.48 	406.96 	46.86 
14	-111.63 	129.82 	1	2	862.29 	919.64 	50.99 
15	-115.80 	131.31 	1	1	666.62 	724.79 	51.01 
16	-118.90 	131.34 	1	4	1165.98 	1212.24 	53.86 
17	-80.05 	112.31 	1	2	536.40 	592.28 	63.51 
18	-137.96 	100.31 	1	1	1130.30 	1179.95 	62.27 
19	-122.96 	131.92 	1	5	1151.57 	1202.45 	45.32 
20	-137.56 	100.31 	1	3	141.16 	203.62 	55.09 
21	-107.08 	110.38 	1	3	273.24 	329.25 	61.76 
22	-103.31 	98.56 	1	2	271.57 	332.56 	62.74 
23	-99.74 	88.90 	1	4	93.65 	147.35 	45.49 
24	-127.18 	81.52 	1	3	636.99 	695.27 	54.30 
25	-90.57 	116.06 	1	2	913.41 	969.98 	58.60 
26	-105.54 	107.55 	1	3	431.99 	483.62 	45.52 
27	-127.56 	130.36 	1	3	828.39 	871.33 	46.26 
28	-136.20 	84.74 	1	1	210.17 	268.31 	59.24 
29	-131.08 	96.19 	1	1	559.78 	616.69 	58.64 
30	-131.95 	137.88 	1	3	380.98 	433.79 	45.00 
31	-125.94 	119.36 	1	1	1023.89 	1072.79 	58.86 
32	-82.10 	116.28 	1	1	1030.42 	1083.90 	55.19 
33	-129.35 	137.68 	1	4	380.04 	440.57 	64.04 
34	-136.15 	119.16 	1	1	907.35 	970.20 	45.59 
35	-120.89 	116.87 	1	2	245.15 	288.01 	64.19 
36	-127.58 	94.20 	1	3	299.56 	342.11 	46.29 
37	-126.72 	101.91 	1	3	510.63 	557.23 	48.63 
38	-133.42 	87.49 	1	3	309.52 	363.83 	55.26 
39	-136.80 	87.58 	1	1	158.03 	219.08 	52.16 
40	-93.95 	108.55 	1	1	857.73 	905.21 	51.81 
41	-126.62 	118.17 	1	1	473.47 	539.92 	63.15 
42	-113.70 	118.97 	1	2	84.67 	150.29 	45.67 
43	-116.57 	103.23 	1	4	149.95 	202.12 	47.06 
44	-103.69 	104.46 	1	3	248.80 	305.82 	50.55 
45	-137.36 	102.96 	1	2	1063.47 	1113.35 	52.59 
46	-102.53 	90.73 	1	2	224.58 	281.25 	56.33 
47	-86.20 	100.78 	1	2	1059.30 	1105.04 	61.29 
48	-99.82 	90.01 	1	4	208.70 	246.25 	53.13 
49	-97.36 	126.75 	1	4	410.79 	458.30 	61.64 
50	-92.99 	107.36 	1	3	168.14 	225.36 	47.96 
51	19.76 	106.27 	2	4	982.55 	1046.38 	51.34 
52	27.47 	108.67 	2	2	235.60 	299.51 	59.65 
53	24.87 	99.80 	2	1	1008.68 	1063.25 	52.91 
54	4.20 	80.71 	2	4	167.38 	219.46 	58.26 
55	-11.47 	120.44 	2	3	850.33 	901.03 	61.56 
56	13.71 	95.68 	2	4	220.12 	273.32 	46.83 
57	14.52 	135.37 	2	5	1144.39 	1197.63 	62.74 
58	29.77 	124.03 	2	3	432.58 	477.73 	59.54 
59	-28.92 	98.55 	2	1	1040.56 	1090.16 	45.11 
60	17.39 	114.37 	2	2	963.09 	1021.90 	59.47 
61	-19.41 	133.51 	2	1	345.91 	400.59 	62.42 
62	-28.77 	87.17 	2	4	922.82 	978.46 	55.52 
63	3.29 	121.85 	2	4	172.53 	231.87 	62.19 
64	-18.77 	105.23 	2	2	433.74 	492.15 	46.29 
65	-27.39 	128.64 	2	2	682.88 	732.91 	48.74 
66	10.34 	101.39 	2	1	696.43 	754.83 	60.03 
67	-1.48 	125.41 	2	1	988.77 	1028.88 	61.82 
68	-26.52 	132.80 	2	2	37.87 	90.67 	61.37 
69	-28.58 	89.40 	2	2	575.15 	641.08 	49.42 
70	5.02 	111.08 	2	3	768.04 	825.45 	58.57 
71	7.66 	95.79 	2	1	254.52 	306.72 	56.38 
72	-20.74 	81.12 	2	1	256.45 	308.59 	57.68 
73	-11.36 	92.58 	2	3	198.05 	248.77 	57.58 
74	-11.50 	89.97 	2	4	563.68 	622.28 	48.87 
75	-9.78 	137.78 	2	2	368.79 	427.69 	58.78 
76	22.13 	128.98 	2	3	751.60 	812.07 	56.30 
77	10.60 	87.60 	2	1	662.96 	723.54 	52.88 
78	-7.47 	94.71 	2	5	96.94 	154.07 	64.72 
79	-18.00 	135.24 	2	4	85.70 	143.62 	48.45 
80	22.74 	124.83 	2	3	387.37 	442.94 	45.22 
81	-13.18 	95.70 	2	2	549.62 	596.38 	48.50 
82	28.46 	128.36 	2	3	128.89 	190.99 	59.08 
83	21.25 	139.62 	2	3	319.55 	370.92 	45.19 
84	-0.83 	81.06 	2	2	930.37 	989.11 	57.15 
85	-21.33 	137.38 	2	1	72.13 	136.85 	51.55 
86	4.01 	105.37 	2	1	166.69 	213.35 	64.22 
87	19.78 	91.72 	2	1	457.46 	519.19 	47.57 
88	26.99 	126.31 	2	3	870.22 	916.04 	61.95 
89	-3.75 	103.87 	2	1	813.23 	875.31 	51.45 
90	7.91 	137.06 	2	1	998.97 	1062.08 	45.81 
91	13.71 	92.78 	2	3	221.47 	275.08 	49.20 
92	19.18 	103.33 	2	3	254.26 	299.70 	53.41 
93	-18.55 	83.18 	2	2	110.76 	172.36 	58.28 
94	-4.67 	115.65 	2	3	943.62 	998.01 	62.65 
95	29.66 	89.92 	2	1	894.70 	951.97 	55.57 
96	11.82 	111.35 	2	2	700.32 	753.31 	51.37 
97	10.51 	116.43 	2	4	482.49 	548.97 	45.65 
98	-15.42 	118.34 	2	4	899.14 	949.73 	54.59 
99	29.82 	83.71 	2	2	127.37 	183.94 	50.49 
100	4.73 	117.89 	2	5	178.13 	223.74 	63.90 
101	119.55 	95.38 	3	1	1167.18 	1220.29 	64.06 
102	85.22 	84.91 	3	2	923.92 	970.48 	52.64 
103	102.28 	116.87 	3	4	435.76 	488.26 	52.88 
104	123.74 	125.45 	3	2	43.47 	91.07 	45.91 
105	124.24 	124.00 	3	1	604.34 	647.52 	50.27 
106	111.91 	100.93 	3	3	861.18 	919.13 	51.52 
107	94.26 	115.39 	3	2	129.85 	187.82 	50.28 
108	111.80 	115.67 	3	4	761.18 	816.86 	46.10 
109	94.41 	138.73 	3	3	882.45 	926.46 	51.28 
110	87.58 	89.00 	3	2	219.22 	277.79 	45.05 
111	114.21 	115.28 	3	3	560.90 	601.92 	54.39 
112	116.57 	97.45 	3	3	470.96 	516.62 	57.58 
113	122.70 	117.25 	3	1	1051.81 	1088.07 	54.05 
114	114.07 	112.97 	3	1	372.50 	418.07 	50.10 
115	133.97 	100.78 	3	1	680.99 	731.28 	64.29 
116	112.23 	133.46 	3	4	723.16 	766.64 	47.52 
117	124.94 	109.00 	3	3	625.85 	687.24 	61.33 
118	106.93 	132.23 	3	1	452.93 	507.49 	56.20 
119	134.50 	126.36 	3	1	1090.59 	1142.18 	49.85 
120	139.92 	125.84 	3	4	149.95 	208.92 	62.64 
121	134.50 	108.96 	3	3	351.98 	399.53 	50.49 
122	89.19 	111.95 	3	1	691.52 	743.51 	57.11 
123	135.95 	135.73 	3	5	411.85 	473.44 	63.44 
124	106.77 	113.92 	3	1	94.03 	150.62 	45.35 
125	90.53 	108.36 	3	1	1156.21 	1209.45 	62.72 
126	125.14 	129.55 	3	3	1166.50 	1225.38 	45.25 
127	127.71 	108.56 	3	3	458.04 	518.04 	61.21 
128	127.31 	129.46 	3	2	739.66 	799.96 	60.39 
129	127.75 	92.30 	3	1	490.27 	542.82 	53.57 
130	109.89 	92.06 	3	1	770.56 	819.46 	53.44 
131	84.57 	91.33 	3	2	212.83 	264.12 	45.90 
132	102.17 	129.67 	3	4	648.01 	694.95 	62.93 
133	136.83 	128.20 	3	3	410.67 	463.69 	60.50 
134	122.53 	130.75 	3	2	1038.13 	1089.33 	48.79 
135	115.00 	124.73 	3	4	314.56 	371.34 	53.07 
136	113.86 	92.98 	3	5	1005.36 	1052.51 	51.10 
137	125.01 	80.52 	3	2	1007.41 	1062.49 	49.40 
138	93.92 	83.46 	3	3	716.90 	775.78 	58.79 
139	114.13 	137.77 	3	3	912.09 	959.60 	58.68 
140	104.00 	91.08 	3	4	613.57 	658.25 	63.62 
141	87.80 	139.25 	3	4	972.80 	1016.77 	60.31 
142	81.52 	83.15 	3	4	999.90 	1055.27 	64.07 
143	91.89 	137.88 	3	2	94.08 	139.85 	59.31 
144	90.12 	111.88 	3	3	1054.14 	1115.08 	57.40 
145	86.22 	135.82 	3	1	653.59 	708.23 	52.33 
146	123.40 	115.75 	3	1	987.76 	1033.84 	46.91 
147	84.61 	89.96 	3	2	136.17 	196.28 	50.70 
148	108.68 	109.39 	3	2	291.12 	343.74 	50.23 
149	117.91 	122.40 	3	2	195.53 	248.57 	60.35 
150	117.33 	98.99 	3	5	1067.25 	1119.32 	53.07 
151	-115.33 	-23.84 	4	5	1113.56 	1162.20 	62.22 
152	-81.43 	2.58 	4	2	162.25 	219.23 	58.75 
153	-127.13 	24.53 	4	1	975.81 	1032.97 	50.75 
154	-133.23 	-25.63 	4	2	845.22 	887.63 	62.56 
155	-88.63 	0.08 	4	3	358.51 	417.27 	58.30 
156	-84.18 	29.65 	4	2	982.22 	1030.91 	50.82 
157	-136.13 	5.23 	4	3	995.55 	1060.68 	61.14 
158	-86.15 	-12.36 	4	2	617.48 	670.32 	53.61 
159	-86.24 	-21.41 	4	4	995.90 	1039.83 	46.59 
160	-126.19 	-12.81 	4	3	1075.05 	1118.85 	48.39 
161	-103.52 	14.81 	4	1	504.38 	554.96 	57.43 
162	-125.28 	5.25 	4	4	438.45 	496.31 	55.85 
163	-96.41 	5.92 	4	1	198.42 	246.95 	48.36 
164	-138.69 	14.73 	4	3	733.27 	792.32 	56.76 
165	-117.16 	-0.46 	4	3	231.90 	295.35 	60.45 
166	-82.11 	-0.40 	4	1	349.94 	390.87 	59.32 
167	-105.23 	-11.41 	4	1	227.11 	282.65 	57.34 
168	-93.51 	7.39 	4	5	836.99 	895.02 	62.99 
169	-101.32 	20.60 	4	2	557.93 	619.66 	48.42 
170	-89.21 	-27.82 	4	2	1014.05 	1068.48 	47.58 
171	-99.66 	-18.10 	4	3	997.01 	1049.26 	45.74 
172	-84.43 	24.98 	4	3	783.40 	847.39 	53.97 
173	-109.42 	13.97 	4	2	581.57 	637.71 	54.90 
174	-118.32 	-3.58 	4	5	677.32 	727.45 	57.54 
175	-88.98 	-21.67 	4	2	900.25 	950.77 	62.15 
176	-114.69 	-2.38 	4	3	574.13 	641.34 	54.35 
177	-97.84 	-26.00 	4	4	475.84 	527.61 	64.04 
178	-96.95 	14.34 	4	3	765.01 	823.70 	64.55 
179	-109.11 	-8.77 	4	4	1030.67 	1084.64 	52.28 
180	-101.51 	-15.61 	4	3	613.53 	659.55 	49.75 
181	-139.37 	7.87 	4	1	495.49 	554.72 	47.99 
182	-128.61 	-3.38 	4	2	290.89 	340.15 	63.61 
183	-129.85 	9.81 	4	1	353.76 	400.74 	50.56 
184	-138.79 	-26.46 	4	1	552.06 	604.08 	57.42 
185	-130.94 	29.08 	4	2	174.22 	228.60 	54.18 
186	-109.64 	29.14 	4	3	942.56 	1000.88 	56.48 
187	-104.74 	-19.34 	4	1	547.79 	602.14 	45.98 
188	-115.99 	-11.92 	4	2	1074.74 	1128.80 	50.39 
189	-138.53 	-25.68 	4	1	264.13 	320.63 	55.37 
190	-87.59 	-0.46 	4	4	924.51 	973.13 	47.04 
191	-98.81 	23.26 	4	1	231.74 	289.43 	61.02 
192	-135.16 	-6.61 	4	1	891.03 	950.73 	64.84 
193	-105.68 	28.68 	4	4	755.27 	815.59 	60.34 
194	-111.28 	-13.72 	4	1	374.33 	429.27 	46.86 
195	-81.08 	-21.91 	4	1	651.77 	711.12 	50.38 
196	-114.42 	-17.81 	4	4	92.13 	156.75 	48.99 
197	-112.37 	18.47 	4	2	940.50 	994.73 	65.00 
198	-112.64 	-5.95 	4	4	768.42 	822.14 	54.98 
199	-82.86 	-24.62 	4	3	869.53 	925.07 	45.61 
200	-138.21 	5.17 	4	4	585.35 	646.53 	46.51 
201	116.21 	28.48 	5	3	403.67 	453.60 	63.62 
202	139.04 	12.34 	5	1	934.19 	993.04 	45.83 
203	131.14 	-21.29 	5	3	1072.73 	1129.34 	60.44 
204	138.10 	-9.53 	5	1	626.08 	680.45 	49.42 
205	131.97 	-16.14 	5	2	405.36 	464.12 	56.86 
206	117.41 	-0.97 	5	1	531.24 	577.72 	59.45 
207	139.10 	-0.70 	5	2	1073.93 	1116.00 	53.48 
208	80.49 	-11.68 	5	1	576.48 	628.08 	64.74 
209	88.97 	16.60 	5	5	370.23 	424.10 	53.22 
210	112.68 	29.85 	5	2	456.57 	500.24 	50.65 
211	125.37 	13.15 	5	3	968.43 	1019.05 	47.28 
212	108.70 	-23.78 	5	1	878.10 	940.49 	57.03 
213	103.75 	-29.07 	5	5	430.26 	479.21 	52.82 
214	111.70 	7.64 	5	2	70.87 	136.55 	52.57 
215	96.65 	21.68 	5	4	542.85 	600.06 	50.11 
216	139.43 	4.51 	5	5	64.28 	131.75 	48.86 
217	120.56 	3.09 	5	3	61.98 	113.37 	52.69 
218	119.11 	-5.80 	5	3	110.45 	162.88 	48.02 
219	118.34 	-29.08 	5	1	963.49 	1015.65 	57.78 
220	139.10 	-22.34 	5	1	443.15 	484.22 	49.04 
221	92.59 	10.26 	5	2	105.41 	155.58 	46.55 
222	108.43 	15.41 	5	2	190.74 	249.64 	49.09 
223	134.13 	25.35 	5	1	938.75 	993.50 	59.47 
224	113.67 	5.71 	5	3	246.99 	299.53 	64.25 
225	85.66 	-2.68 	5	4	728.21 	788.64 	55.10 
226	87.17 	26.21 	5	3	79.94 	138.84 	46.08 
227	105.90 	-7.58 	5	3	757.37 	810.57 	47.62 
228	121.48 	3.44 	5	3	1070.88 	1133.19 	45.72 
229	129.68 	8.20 	5	3	1041.25 	1093.54 	55.43 
230	91.35 	-2.75 	5	2	574.47 	630.32 	54.07 
231	137.19 	20.74 	5	4	1008.62 	1070.87 	46.59 
232	139.82 	10.66 	5	2	509.41 	565.81 	56.46 
233	117.25 	14.94 	5	4	1154.35 	1215.89 	53.06 
234	95.26 	10.17 	5	4	323.09 	374.06 	49.25 
235	81.66 	24.16 	5	4	348.20 	404.13 	55.34 
236	136.98 	26.31 	5	4	88.80 	151.64 	52.79 
237	127.81 	-9.54 	5	3	985.55 	1042.53 	57.84 
238	107.87 	24.88 	5	2	983.85 	1037.87 	49.12 
239	121.65 	25.36 	5	1	83.80 	137.50 	49.86 
240	127.59 	-13.36 	5	2	1123.31 	1181.53 	57.39 
241	97.01 	-3.93 	5	4	579.94 	627.86 	47.78 
242	125.98 	-7.75 	5	2	598.46 	647.87 	55.82 
243	130.83 	6.99 	5	1	391.35 	446.87 	54.64 
244	107.35 	0.78 	5	4	1140.05 	1184.93 	49.49 
245	106.47 	24.41 	5	4	999.46 	1051.57 	55.70 
246	123.77 	-6.78 	5	1	37.72 	100.31 	53.05 
247	90.15 	17.31 	5	2	1009.39 	1062.71 	59.97 
248	93.07 	20.40 	5	3	66.41 	121.79 	60.34 
249	89.89 	-28.50 	5	1	1052.08 	1104.29 	46.89 
250	91.69 	-3.60 	5	1	781.83 	842.51 	64.98 
251	-120.20 	-97.24 	6	1	991.64 	1051.64 	50.13 
252	-103.88 	-100.57 	6	4	694.33 	754.77 	55.20 
253	-114.05 	-112.83 	6	4	868.99 	921.79 	49.91 
254	-96.21 	-100.45 	6	2	1137.14 	1198.08 	49.23 
255	-104.84 	-101.27 	6	1	489.06 	541.84 	45.58 
256	-91.86 	-111.52 	6	5	713.76 	773.81 	53.03 
257	-134.17 	-107.44 	6	2	425.95 	483.94 	48.23 
258	-114.34 	-135.99 	6	5	208.70 	258.09 	51.81 
259	-87.10 	-83.70 	6	1	1030.15 	1093.80 	64.66 
260	-92.22 	-125.47 	6	2	236.27 	278.58 	51.00 
261	-109.85 	-112.36 	6	3	868.53 	925.07 	50.24 
262	-127.15 	-119.61 	6	3	984.02 	1039.06 	60.65 
263	-101.07 	-112.66 	6	2	691.42 	748.04 	49.59 
264	-136.35 	-90.01 	6	1	1133.56 	1196.27 	48.19 
265	-129.60 	-94.78 	6	4	1052.30 	1100.27 	55.94 
266	-119.17 	-103.83 	6	1	497.74 	551.62 	62.83 
267	-134.30 	-88.75 	6	3	705.29 	754.30 	53.66 
268	-111.30 	-123.58 	6	4	127.12 	181.82 	64.30 
269	-129.08 	-122.78 	6	1	1124.37 	1180.66 	55.09 
270	-93.68 	-100.85 	6	1	824.50 	878.84 	62.50 
271	-82.04 	-91.23 	6	2	583.17 	651.87 	61.26 
272	-94.11 	-111.77 	6	3	636.30 	687.45 	54.38 
273	-115.73 	-94.75 	6	2	853.72 	912.99 	62.39 
274	-84.30 	-84.41 	6	1	308.33 	361.26 	51.06 
275	-115.18 	-95.01 	6	3	296.57 	354.04 	54.16 
276	-94.62 	-95.28 	6	3	319.70 	376.11 	60.32 
277	-83.48 	-135.33 	6	3	948.81 	995.03 	59.41 
278	-122.45 	-92.56 	6	3	675.72 	733.18 	58.16 
279	-128.03 	-103.55 	6	2	765.76 	812.88 	52.71 
280	-82.22 	-104.15 	6	1	757.83 	819.09 	53.46 
281	-86.53 	-88.00 	6	2	645.41 	704.60 	52.82 
282	-88.19 	-129.34 	6	5	888.65 	952.24 	60.78 
283	-137.50 	-121.47 	6	3	354.86 	407.65 	54.06 
284	-108.87 	-113.55 	6	2	267.23 	328.64 	47.16 
285	-81.13 	-107.10 	6	4	1090.42 	1152.88 	48.09 
286	-96.05 	-87.22 	6	4	447.51 	499.79 	55.35 
287	-129.61 	-127.15 	6	2	385.44 	430.46 	64.36 
288	-130.82 	-120.97 	6	4	771.63 	828.31 	61.08 
289	-125.22 	-121.05 	6	4	703.23 	762.05 	57.59 
290	-95.93 	-102.82 	6	1	499.12 	555.45 	50.43 
291	-105.95 	-129.06 	6	4	606.12 	665.54 	59.36 
292	-84.42 	-95.92 	6	1	977.38 	1041.69 	48.21 
293	-89.46 	-81.36 	6	3	167.71 	219.34 	54.24 
294	-116.55 	-91.28 	6	1	1027.84 	1073.66 	50.96 
295	-99.63 	-112.50 	6	3	218.53 	266.42 	57.36 
296	-114.44 	-126.67 	6	1	379.55 	427.70 	64.59 
297	-133.49 	-115.99 	6	3	327.15 	394.49 	51.24 
298	-110.34 	-139.58 	6	2	190.84 	260.37 	45.04 
299	-87.08 	-131.90 	6	2	315.95 	366.11 	52.15 
300	-113.10 	-130.78 	6	4	555.98 	607.62 	46.25 
301	-2.80 	-84.60 	7	3	72.05 	124.70 	53.46 
302	-11.71 	-109.55 	7	5	1152.20 	1212.53 	62.04 
303	-7.37 	-103.26 	7	2	154.51 	210.08 	64.96 
304	16.08 	-104.58 	7	2	600.46 	667.77 	61.52 
305	-12.36 	-104.12 	7	1	939.42 	993.71 	62.97 
306	-0.10 	-120.46 	7	4	316.48 	368.55 	59.17 
307	-17.86 	-96.50 	7	3	969.77 	1017.61 	47.48 
308	-10.78 	-121.34 	7	3	460.14 	520.19 	48.33 
309	10.43 	-131.16 	7	2	667.74 	715.69 	63.28 
310	14.74 	-85.75 	7	3	368.21 	414.47 	47.11 
311	1.78 	-99.41 	7	3	392.75 	451.19 	58.88 
312	-25.70 	-85.23 	7	4	188.30 	249.80 	53.90 
313	-1.01 	-125.67 	7	4	817.23 	870.98 	47.45 
314	11.29 	-138.33 	7	2	1055.96 	1111.09 	47.22 
315	-15.95 	-100.76 	7	4	205.40 	259.87 	47.08 
316	-0.86 	-119.47 	7	3	419.12 	477.04 	56.89 
317	18.04 	-126.28 	7	1	748.45 	796.75 	57.27 
318	7.16 	-91.32 	7	2	263.12 	309.45 	48.10 
319	19.05 	-132.96 	7	3	542.61 	591.58 	57.08 
320	-23.02 	-137.63 	7	1	1129.08 	1184.87 	53.27 
321	-10.56 	-84.98 	7	1	30.26 	86.49 	59.56 
322	25.49 	-124.55 	7	3	547.53 	600.29 	58.41 
323	-7.82 	-126.13 	7	2	634.11 	683.70 	59.37 
324	-8.44 	-118.65 	7	4	761.09 	805.07 	52.44 
325	-22.49 	-115.32 	7	3	346.69 	407.23 	63.22 
326	-6.95 	-117.78 	7	2	311.76 	359.89 	51.97 
327	-25.63 	-102.75 	7	3	1149.14 	1203.60 	55.89 
328	15.84 	-96.16 	7	1	1167.15 	1221.29 	50.89 
329	-7.87 	-93.17 	7	2	144.26 	192.86 	51.34 
330	22.33 	-117.51 	7	1	65.31 	124.52 	52.34 
331	-26.73 	-95.57 	7	3	986.65 	1043.59 	64.19 
332	29.89 	-92.18 	7	1	624.22 	682.22 	54.18 
333	-19.51 	-138.82 	7	1	717.10 	777.32 	50.48 
334	-18.56 	-98.85 	7	1	39.39 	98.65 	50.95 
335	-23.68 	-108.59 	7	1	226.69 	270.02 	64.05 
336	-2.54 	-122.15 	7	2	689.63 	748.63 	63.66 
337	-5.92 	-122.67 	7	1	230.94 	291.83 	59.03 
338	15.55 	-107.91 	7	4	1070.66 	1130.55 	55.11 
339	25.70 	-106.89 	7	2	876.48 	928.26 	52.07 
340	10.97 	-81.52 	7	1	102.71 	150.22 	59.35 
341	5.00 	-82.37 	7	5	1095.56 	1150.98 	62.34 
342	-18.03 	-130.62 	7	2	244.31 	295.01 	47.06 
343	5.35 	-119.57 	7	4	615.07 	675.28 	57.46 
344	16.42 	-120.61 	7	4	533.26 	589.68 	45.56 
345	17.03 	-81.67 	7	2	159.31 	218.66 	45.17 
346	-1.08 	-109.50 	7	1	820.79 	890.66 	61.38 
347	29.44 	-100.74 	7	5	498.93 	553.17 	45.50 
348	3.38 	-105.72 	7	4	332.91 	383.81 	59.05 
349	-20.29 	-91.62 	7	3	367.14 	427.23 	61.50 
350	-2.86 	-88.88 	7	4	562.11 	612.07 	50.61 
351	95.78 	-80.65 	8	1	520.96 	583.63 	57.18 
352	131.53 	-136.79 	8	3	635.16 	690.29 	56.49 
353	93.31 	-103.16 	8	4	931.85 	974.16 	52.75 
354	99.37 	-97.74 	8	3	106.42 	162.33 	61.63 
355	99.86 	-103.92 	8	5	525.68 	577.76 	64.58 
356	87.96 	-101.55 	8	5	766.98 	821.03 	62.31 
357	96.54 	-115.17 	8	2	212.57 	264.76 	50.79 
358	112.31 	-95.89 	8	3	400.98 	444.70 	59.20 
359	124.70 	-130.97 	8	3	1123.22 	1178.18 	52.21 
360	102.41 	-129.74 	8	1	152.86 	206.67 	45.18 
361	135.46 	-81.22 	8	1	945.76 	1003.94 	61.36 
362	111.67 	-86.61 	8	2	966.39 	1013.84 	50.06 
363	94.66 	-81.84 	8	4	591.30 	647.72 	45.10 
364	125.13 	-128.18 	8	4	780.35 	840.88 	57.82 
365	88.28 	-81.49 	8	2	1126.76 	1186.85 	47.48 
366	93.34 	-86.59 	8	1	991.91 	1047.18 	51.81 
367	87.65 	-120.66 	8	4	142.51 	202.01 	62.25 
368	132.96 	-115.80 	8	2	224.19 	278.12 	45.56 
369	137.00 	-124.47 	8	1	399.33 	455.36 	63.10 
370	104.41 	-97.80 	8	2	769.25 	830.09 	62.29 
371	113.62 	-103.43 	8	2	556.79 	609.50 	62.20 
372	117.60 	-80.88 	8	1	214.70 	263.27 	51.33 
373	113.60 	-130.62 	8	3	638.56 	691.52 	49.29 
374	137.47 	-89.24 	8	2	691.61 	749.66 	50.16 
375	116.82 	-112.73 	8	4	448.70 	507.59 	62.36 
376	138.60 	-125.78 	8	3	1139.47 	1206.45 	54.33 
377	83.47 	-103.04 	8	3	193.14 	248.12 	48.82 
378	83.71 	-137.33 	8	4	855.25 	910.20 	45.40 
379	97.79 	-128.44 	8	2	205.97 	264.66 	58.20 
380	104.16 	-85.67 	8	3	926.47 	976.83 	51.16 
381	127.56 	-121.72 	8	1	643.01 	696.63 	64.20 
382	96.59 	-106.42 	8	3	904.91 	955.30 	47.56 
383	110.97 	-113.63 	8	1	491.66 	543.61 	49.63 
384	93.34 	-116.12 	8	3	936.02 	987.13 	45.43 
385	123.54 	-137.05 	8	4	526.36 	588.25 	52.26 
386	109.45 	-96.64 	8	1	362.70 	416.63 	45.69 
387	95.66 	-83.92 	8	4	413.65 	466.94 	56.47 
388	85.81 	-81.91 	8	2	1115.00 	1160.94 	59.28 
389	136.29 	-127.94 	8	1	768.40 	821.14 	54.77 
390	137.26 	-80.14 	8	3	386.29 	433.99 	52.14 
391	95.44 	-100.49 	8	2	803.29 	855.66 	52.40 
392	104.27 	-82.63 	8	1	175.04 	233.52 	60.56 
393	128.46 	-119.88 	8	4	1037.43 	1089.34 	45.47 
394	127.14 	-112.84 	8	4	637.29 	691.12 	57.43 
395	85.01 	-81.36 	8	1	49.05 	107.08 	62.24 
396	102.40 	-89.40 	8	2	916.34 	967.30 	46.89 
397	131.58 	-133.23 	8	1	237.79 	290.51 	54.67 
398	134.45 	-104.32 	8	2	121.29 	171.21 	52.47 
399	95.79 	-105.70 	8	3	483.24 	533.43 	50.97 
400	110.76 	-136.42 	8	5	456.16 	514.00 	61.75 
