48           10              8              2                4             56     

1	1	1	0	1200	400	600	30
2	1	3	0	1200	400	600	30
3	2	1	0	1200	400	600	30
4	2	3	0	1200	400	600	30
5	3	1	0	1200	400	600	30
6	3	3	0	1200	400	600	30
7	4	2	0	1200	400	600	30
8	4	3	0	1200	400	600	30
9	0	5	0	1200	400	600	30
10	0	5	0	1200	400	600	30


1              -9.14 	-4.12        1              
2              -9.14 	-4.12        1             
3                7.61 	 4.02        2              
4                7.61 	 4.02        2             
5               6.95        -14.80       3              
6               6.95        -14.80       3             
7              25.77         12.15       4              
8              25.77         12.15       4             


1	-9.23 	-2.34 	1	2	947.89 	995.51 	46.84 
2	-9.58 	-11.34 	1	5	552.85 	597.22 	61.14 
3	-10.46 	-4.18 	1	2	505.51 	561.91 	62.98 
4	-6.20 	-2.49 	1	2	832.00 	880.81 	55.76 
5	-12.66 	-2.08 	1	1	173.84 	219.86 	59.98 
6	-7.19 	-2.93 	1	1	785.09 	839.69 	53.74 
7	-9.51 	-3.78 	1	1	192.40 	246.90 	62.68 
8	-5.21 	-5.02 	1	4	1025.58 	1079.62 	62.89 
9	-12.74 	-3.28 	1	3	466.22 	518.26 	60.40 
10	-7.09 	-2.40 	1	5	1136.90 	1187.57 	49.76 
11	-9.50 	-7.77 	1	3	1025.93 	1086.64 	60.98 
12	-10.34 	-1.83 	1	3	976.00 	1022.88 	55.23 
13	6.52 	3.04 	2	1	494.72 	558.90 	47.31 
14	9.29 	2.35 	2	4	656.96 	704.35 	54.74 
15	8.15 	7.00 	2	1	1016.88 	1069.06 	52.17 
16	7.96 	6.45 	2	2	372.69 	426.32 	62.62 
17	6.96 	-2.47 	2	3	20.58 	83.61 	56.25 
18	10.94 	3.24 	2	1	874.15 	935.24 	64.97 
19	5.27 	8.59 	2	3	555.74 	612.80 	60.47 
20	2.43 	4.65 	2	4	466.35 	527.88 	45.38 
21	8.45 	1.15 	2	3	696.88 	737.69 	48.82 
22	13.07 	4.36 	2	2	72.53 	136.17 	51.24 
23	5.89 	6.78 	2	5	680.93 	739.44 	65.00 
24	6.35 	3.06 	2	2	442.57 	493.14 	45.03 
25	6.31 	-11.57 	3	5	823.75 	869.24 	50.25 
26	9.27 	-10.11 	3	4	406.29 	462.46 	53.61 
27	8.52 	-14.93 	3	3	511.86 	558.00 	63.76 
28	7.22 	-15.03 	3	2	266.37 	317.74 	58.13 
29	4.23 	-15.74 	3	3	473.07 	533.56 	45.28 
30	7.66 	-15.77 	3	1	665.64 	718.03 	52.99 
31	3.28 	-17.78 	3	4	140.77 	192.89 	50.23 
32	5.42 	-14.80 	3	2	106.29 	165.15 	45.71 
33	5.54 	-14.08 	3	2	168.13 	211.62 	58.47 
34	11.17 	-15.37 	3	3	943.50 	999.87 	63.06 
35	10.00 	-14.28 	3	1	1087.53 	1144.55 	56.13 
36	4.74 	-18.13 	3	1	933.11 	991.18 	49.79 
37	25.25 	12.25 	4	1	765.44 	811.06 	46.70 
38	23.20 	15.28 	4	3	408.87 	459.90 	63.13 
39	28.77 	12.25 	4	4	546.25 	604.35 	55.22 
40	23.83 	12.08 	4	3	137.00 	180.58 	63.42 
41	27.67 	14.94 	4	2	314.94 	371.92 	60.53 
42	19.40 	8.84 	4	1	520.12 	572.57 	51.09 
43	26.57 	12.05 	4	2	451.27 	504.62 	50.78 
44	23.15 	15.87 	4	1	1080.37 	1134.71 	54.80 
45	35.14 	11.31 	4	3	41.86 	95.39 	46.04 
46	20.09 	6.86 	4	4	91.98 	134.80 	54.95 
47	32.17 	8.93 	4	5	570.09 	629.41 	48.98 
48	24.04 	15.12 	4	2	724.74 	793.14 	47.34 
