48           10              8              2                4             56     

1	1	1	0	1200	400	600	30
2	1	3	0	1200	400	600	30
3	2	1	0	1200	400	600	30
4	2	3	0	1200	400	600	30
5	3	1	0	1200	400	600	30
6	3	3	0	1200	400	600	30
7	4	2	0	1200	400	600	30
8	4	3	0	1200	400	600	30
9	0	5	0	1200	400	600	30
10	0	5	0	1200	400	600	30


1             -6.00	-3.52         1              
2              -6.00	-3.52         1             
3              6.97	  2.88         2              
4              6.97	  2.88         2             
5              -9.39          13.49        3              
6              -9.39          13.49        3             
7              24.66         13.67         4              
8              24.66         13.67         4             


1	-4.74 	-2.74 	1	3	140.91 	166.71 	60.82 
2	-9.85 	-6.13 	1	1	1160.74 	1187.63 	60.29 
3	-4.19 	-1.57 	1	3	1064.12 	1091.11 	61.33 
4	-7.66 	-3.98 	1	1	731.33 	764.65 	46.34 
5	-3.50 	-1.79 	1	1	603.57 	625.34 	49.89 
6	-6.25 	-7.44 	1	2	107.48 	131.14 	52.04 
7	-3.82 	-0.73 	1	5	921.47 	944.56 	52.40 
8	-6.62 	-3.85 	1	3	266.03 	301.32 	54.37 
9	-3.59 	-2.58 	1	4	715.50 	744.13 	56.08 
10	-7.45 	-4.41 	1	2	1161.73 	1182.31 	54.77 
11	-8.69 	-3.93 	1	2	141.68 	165.94 	61.31 
12	-5.67 	-3.09 	1	5	640.97 	664.92 	63.28 
13	5.08 	2.88 	2	3	348.89 	370.38 	61.30 
14	7.70 	4.29 	2	2	600.28 	626.68 	51.80 
15	8.34 	5.43 	2	3	546.78 	579.64 	46.91 
16	8.25 	3.94 	2	5	461.36 	483.70 	60.60 
17	7.95 	0.90 	2	3	700.67 	736.19 	55.95 
18	2.41 	-0.10 	2	1	1110.28 	1142.66 	64.66 
19	6.57 	2.10 	2	4	307.11 	341.44 	51.64 
20	7.29 	5.87 	2	1	995.20 	1006.80 	62.73 
21	10.55 	3.03 	2	2	727.75 	738.89 	55.06 
22	4.17 	1.32 	2	2	394.27 	417.68 	61.28 
23	8.56 	1.88 	2	1	236.37 	263.49 	49.07 
24	6.80 	3.00 	2	5	771.19 	785.06 	58.59 
25	-13.42 	16.10 	3	1	563.97 	578.12 	55.29 
26	-12.39 	11.88 	3	3	836.41 	866.80 	58.42 
27	-12.13 	11.03 	3	1	985.21 	1013.28 	49.75 
28	-6.29 	16.31 	3	2	302.58 	325.55 	45.10 
29	-10.11 	14.30 	3	2	278.59 	295.66 	61.13 
30	-6.05 	14.43 	3	4	63.18 	96.99 	54.16 
31	-10.64 	10.27 	3	2	1062.11 	1085.85 	58.89 
32	-8.96 	16.26 	3	5	475.33 	507.09 	50.79 
33	-10.95 	11.74 	3	3	799.73 	833.80 	46.66 
34	-4.14 	13.35 	3	5	541.29 	571.67 	61.67 
35	-10.19 	13.77 	3	3	70.13 	88.93 	62.70 
36	-7.42 	12.39 	3	1	357.19 	388.03 	60.87 
37	25.07 	13.63 	4	2	783.17 	825.69 	58.61 
38	24.47 	14.41 	4	5	709.67 	734.57 	50.72 
39	22.96 	12.83 	4	3	220.88 	249.20 	51.16 
40	25.67 	14.91 	4	1	1072.74 	1098.28 	52.07 
41	28.40 	13.65 	4	2	1172.12 	1202.12 	54.31 
42	24.48 	8.76 	4	3	74.35 	99.09 	56.38 
43	24.58 	13.06 	4	5	1080.98 	1112.79 	46.14 
44	27.07 	16.20 	4	1	994.21 	1018.03 	53.99 
45	22.97 	12.52 	4	1	1125.57 	1148.09 	46.45 
46	25.37 	13.63 	4	2	43.42 	64.79 	45.15 
47	23.16 	16.12 	4	5	278.68 	292.06 	51.97 
48	21.76 	14.38 	4	3	1046.47 	1061.14 	57.96 
							
