200           32              24              8               8             216


1	1	2	0	1200	400	600	30
2	1	2	0	1200	400	600	30
3	1	3	0	1200	400	600	30
4	2	2	0	1200	400	600	30
5	2	2	0	1200	400	600	30
6	2	3	0	1200	400	600	30
7	3	1	0	1200	400	600	30
8	3	2	0	1200	400	600	30
9	3	3	0	1200	400	600	30
10	4	2	0	1200	400	600	30
11	4	2	0	1200	400	600	30
12	4	3	0	1200	400	600	30
13	5	2	0	1200	400	600	30
14	5	2	0	1200	400	600	30
15	5	3	0	1200	400	600	30
16	6	1	0	1200	400	600	30
17	6	2	0	1200	400	600	30
18	6	3	0	1200	400	600	30
19	7	2	0	1200	400	600	30
20	7	2	0	1200	400	600	30
21	7	3	0	1200	400	600	30
22	8	2	0	1200	400	600	30
23	8	2	0	1200	400	600	30
24	8	3	0	1200	400	600	30
25	0	5	0	1200	400	600	30
26	0	5	0	1200	400	600	30
27	0	5	0	1200	400	600	30
28	0	5	0	1200	400	600	30
29	0	5	0	1200	400	600	30
30	0	5	0	1200	400	600	30
31	0	5	0	1200	400	600	30
32	0	5	0	1200	400	600	30


1              -9.01 	-1.15          1              
2              -9.01 	-1.15         1             
3               8.90 	1.92          2              
4               8.90 	1.92          2             
5               3.57 	-15.30          3              
6               3.57 	-15.30          3             
7              26.83 	6.38           4              
8              26.83 	6.38           4             
9               21.04 	-11.33          5              
10             21.04 	-11.33          5             
11            44.56 	9.49          6             
12            44.56 	9.49          6             
13               39.07 	-8.03          7              
14               39.07 	-8.03          7            
15             61.54 	11.91           8              
16              61.54 	11.91           8             


1	-10.27 	-1.93 	1	2	223.81 	287.14 	59.95 
2	-5.20 	2.88 	1	1	613.14 	666.16 	46.78 
3	-12.71 	-2.02 	1	3	258.10 	325.48 	55.30 
4	-8.57 	-1.53 	1	5	756.20 	803.16 	53.37 
5	-6.70 	0.34 	1	3	1057.44 	1109.31 	63.87 
6	-8.46 	-0.75 	1	2	101.57 	159.11 	54.08 
7	-9.03 	-0.67 	1	1	787.29 	845.10 	58.39 
8	-9.57 	1.85 	1	5	34.64 	81.77 	58.85 
9	-7.72 	-1.03 	1	2	170.33 	215.89 	51.30 
10	-10.56 	-5.07 	1	3	552.68 	611.06 	48.78 
11	-10.27 	0.01 	1	5	831.31 	883.59 	53.59 
12	-11.30 	-3.10 	1	1	926.10 	990.19 	55.87 
13	-7.76 	-2.94 	1	5	155.96 	209.14 	55.97 
14	-7.62 	-3.53 	1	1	58.80 	113.30 	46.48 
15	-11.18 	-1.83 	1	4	256.82 	316.27 	63.41 
16	-8.43 	1.20 	1	2	633.36 	686.87 	64.35 
17	-8.43 	-0.73 	1	1	777.55 	834.40 	53.93 
18	-6.99 	0.69 	1	3	632.28 	688.45 	51.07 
19	-8.57 	-2.19 	1	1	972.70 	1020.07 	45.92 
20	-9.35 	-0.74 	1	1	1155.64 	1212.03 	54.01 
21	-9.85 	-2.13 	1	3	732.78 	784.99 	50.39 
22	-9.52 	-2.24 	1	2	805.15 	858.91 	51.30 
23	-9.17 	-1.92 	1	2	1021.60 	1072.63 	54.84 
24	-7.13 	-1.07 	1	3	351.75 	402.96 	60.84 
25	-10.88 	-0.39 	1	5	434.61 	491.43 	45.54 
26	2.80 	2.11 	2	2	451.24 	505.98 	51.22 
27	16.22 	2.82 	2	3	920.91 	970.26 	54.84 
28	6.90 	2.61 	2	5	279.62 	330.45 	52.48 
29	10.15 	2.54 	2	2	399.04 	460.57 	52.61 
30	10.77 	4.01 	2	3	690.90 	746.80 	63.97 
31	10.59 	1.76 	2	5	932.83 	994.47 	58.29 
32	11.41 	5.42 	2	1	174.83 	232.50 	61.73 
33	10.07 	1.11 	2	3	140.46 	203.04 	48.83 
34	8.23 	2.26 	2	1	863.50 	916.11 	64.95 
35	5.86 	1.83 	2	5	191.57 	240.60 	63.09 
36	9.45 	0.98 	2	3	161.04 	220.38 	54.25 
37	11.00 	-0.23 	2	2	816.81 	858.37 	52.12 
38	8.16 	1.24 	2	5	807.45 	858.99 	54.90 
39	14.81 	1.47 	2	5	341.53 	398.82 	60.92 
40	6.00 	1.76 	2	2	438.33 	497.54 	63.64 
41	8.78 	-0.50 	2	1	1043.11 	1087.37 	60.46 
42	8.87 	4.07 	2	4	1058.92 	1120.12 	50.58 
43	9.10 	5.92 	2	1	461.91 	506.83 	52.11 
44	5.48 	4.57 	2	2	466.21 	525.83 	48.68 
45	6.49 	-0.47 	2	1	973.00 	1039.61 	49.66 
46	9.30 	2.95 	2	1	758.22 	800.57 	56.36 
47	10.20 	0.24 	2	1	512.15 	567.34 	59.86 
48	10.98 	-1.38 	2	2	374.29 	422.67 	53.76 
49	7.34 	-2.32 	2	3	766.83 	820.23 	58.23 
50	3.46 	3.30 	2	3	941.82 	998.58 	51.31 
51	2.66 	-15.65 	3	4	788.27 	830.96 	63.25 
52	4.88 	-16.09 	3	1	490.83 	539.84 	50.09 
53	6.59 	-13.99 	3	2	890.67 	951.13 	59.09 
54	2.01 	-13.72 	3	1	486.80 	538.60 	55.89 
55	4.25 	-12.06 	3	1	103.43 	156.50 	49.02 
56	2.54 	-18.07 	3	3	79.13 	130.11 	46.76 
57	5.29 	-19.20 	3	5	806.87 	865.80 	51.39 
58	6.39 	-16.49 	3	3	758.90 	824.99 	45.21 
59	3.16 	-15.82 	3	5	462.95 	529.46 	48.63 
60	6.81 	-11.83 	3	2	414.60 	463.28 	62.14 
61	4.39 	-14.21 	3	5	618.90 	679.58 	45.08 
62	0.99 	-17.36 	3	3	242.19 	292.23 	49.04 
63	6.41 	-10.39 	3	3	951.74 	1018.32 	49.11 
64	1.63 	-16.26 	3	2	533.07 	583.35 	61.75 
65	-1.58 	-17.08 	3	5	698.05 	747.17 	50.65 
66	1.47 	-16.42 	3	3	368.31 	415.75 	49.51 
67	4.02 	-17.34 	3	2	30.98 	84.28 	50.01 
68	4.30 	-16.64 	3	1	311.47 	361.19 	48.47 
69	6.23 	-9.84 	3	1	334.79 	381.43 	59.14 
70	-1.05 	-16.03 	3	5	1020.44 	1077.61 	54.43 
71	-0.06 	-15.64 	3	2	333.21 	396.08 	50.22 
72	0.85 	-19.50 	3	1	1108.20 	1172.33 	60.39 
73	8.13 	-17.92 	3	2	648.94 	696.54 	53.92 
74	9.63 	-11.58 	3	3	794.74 	849.49 	59.29 
75	-0.75 	-13.33 	3	1	699.40 	756.17 	48.99 
76	28.05 	6.94 	4	1	1067.79 	1123.01 	64.30 
77	22.85 	7.81 	4	3	1129.00 	1184.96 	46.65 
78	25.67 	4.10 	4	3	1035.25 	1088.21 	56.18 
79	27.67 	8.03 	4	1	523.76 	579.80 	62.64 
80	27.41 	5.97 	4	1	632.01 	692.27 	53.13 
81	30.00 	5.51 	4	2	603.78 	662.05 	62.22 
82	26.55 	4.60 	4	1	396.43 	444.73 	58.47 
83	25.20 	5.00 	4	5	88.10 	137.40 	45.25 
84	27.18 	3.93 	4	2	786.79 	835.11 	61.81 
85	25.00 	3.20 	4	1	743.80 	796.34 	45.80 
86	27.62 	8.16 	4	4	204.45 	269.56 	46.42 
87	27.02 	3.03 	4	5	97.08 	152.17 	49.84 
88	27.64 	5.98 	4	2	776.13 	832.94 	57.51 
89	25.69 	8.27 	4	1	1170.54 	1213.47 	53.89 
90	28.44 	5.52 	4	1	344.61 	396.66 	60.54 
91	29.45 	8.16 	4	2	745.98 	798.17 	62.55 
92	26.67 	10.65 	4	2	580.29 	627.88 	47.73 
93	25.24 	3.76 	4	3	341.20 	396.26 	52.28 
94	26.14 	8.97 	4	5	657.78 	711.30 	50.37 
95	27.11 	5.06 	4	5	121.76 	177.95 	61.85 
96	24.02 	7.44 	4	3	22.59 	84.95 	64.76 
97	26.57 	8.71 	4	3	385.80 	433.27 	59.30 
98	28.13 	6.84 	4	3	75.61 	132.68 	60.05 
99	27.11 	3.58 	4	5	400.76 	458.58 	63.11 
100	28.25 	10.36 	4	2	956.01 	1013.77 	45.77 
101	24.08 	-7.54 	5	1	473.89 	535.48 	62.98 
102	23.87 	-10.14 	5	3	241.88 	289.67 	52.91 
103	20.03 	-13.18 	5	3	67.12 	122.42 	47.28 
104	20.80 	-13.05 	5	1	265.73 	318.27 	49.50 
105	21.48 	-16.45 	5	5	785.98 	830.37 	59.69 
106	20.52 	-11.72 	5	3	1016.25 	1068.32 	51.96 
107	22.59 	-9.31 	5	2	1131.66 	1175.14 	58.21 
108	19.07 	-12.17 	5	2	552.68 	610.04 	56.25 
109	24.34 	-5.51 	5	2	840.29 	889.08 	53.48 
110	23.45 	-10.94 	5	2	196.20 	245.65 	60.26 
111	20.06 	-14.36 	5	1	1135.98 	1197.66 	53.47 
112	20.58 	-14.81 	5	1	247.15 	303.33 	54.71 
113	21.41 	-7.67 	5	5	163.48 	224.68 	51.07 
114	21.86 	-10.88 	5	3	981.36 	1038.30 	56.97 
115	20.99 	-12.71 	5	3	505.19 	571.67 	47.83 
116	22.69 	-11.56 	5	5	137.05 	196.31 	52.91 
117	16.97 	-15.61 	5	5	913.09 	968.30 	61.86 
118	22.74 	-6.21 	5	1	559.66 	617.27 	64.93 
119	20.31 	-11.12 	5	5	812.83 	867.32 	47.90 
120	20.76 	-11.55 	5	4	1104.58 	1158.05 	57.82 
121	17.32 	-14.56 	5	2	868.17 	921.25 	50.45 
122	18.06 	-12.05 	5	2	275.47 	335.83 	58.83 
123	18.17 	-13.63 	5	1	336.73 	396.20 	48.39 
124	23.56 	-6.98 	5	1	717.95 	768.80 	60.23 
125	20.37 	-9.63 	5	3	241.47 	296.56 	51.43 
126	48.82 	11.50 	6	2	582.38 	628.68 	57.52 
127	43.23 	12.19 	6	1	271.36 	326.15 	59.82 
128	40.87 	13.64 	6	2	44.84 	91.72 	49.87 
129	43.65 	6.52 	6	1	671.47 	715.15 	47.07 
130	44.17 	5.17 	6	5	108.99 	175.30 	53.74 
131	45.60 	14.70 	6	3	1117.75 	1157.75 	49.86 
132	41.84 	6.85 	6	1	177.00 	235.73 	55.62 
133	47.00 	5.63 	6	2	235.72 	283.16 	59.66 
134	46.37 	4.80 	6	2	807.40 	858.36 	47.36 
135	43.85 	9.34 	6	3	720.16 	782.76 	52.68 
136	46.95 	6.54 	6	2	645.90 	692.59 	45.95 
137	46.20 	12.69 	6	4	776.75 	834.62 	47.17 
138	48.30 	9.79 	6	3	385.08 	440.06 	64.52 
139	48.24 	11.96 	6	1	644.17 	698.51 	52.17 
140	46.43 	14.81 	6	3	906.43 	956.55 	47.72 
141	43.04 	4.57 	6	5	234.46 	282.34 	63.10 
142	44.76 	12.03 	6	3	807.04 	865.14 	56.51 
143	42.99 	10.63 	6	5	493.79 	546.99 	53.18 
144	45.81 	6.91 	6	5	600.21 	650.35 	61.51 
145	42.06 	7.23 	6	3	673.64 	732.00 	56.63 
146	39.08 	12.72 	6	1	722.38 	778.05 	56.35 
147	41.31 	6.72 	6	2	105.91 	165.53 	53.80 
148	46.96 	11.88 	6	1	670.51 	719.59 	51.83 
149	42.17 	6.24 	6	5	962.00 	1016.31 	47.01 
150	44.38 	12.19 	6	1	633.35 	682.11 	47.86 
151	37.80 	-4.66 	7	1	385.62 	434.33 	49.47 
152	37.06 	-2.33 	7	2	1032.10 	1084.95 	62.00 
153	39.10 	-8.66 	7	5	337.79 	398.97 	63.38 
154	44.32 	-12.85 	7	5	685.66 	746.31 	49.52 
155	39.50 	-7.71 	7	1	1119.67 	1165.77 	61.23 
156	36.05 	-7.28 	7	3	835.34 	888.45 	63.29 
157	39.79 	-11.66 	7	3	1076.60 	1131.03 	58.29 
158	37.97 	-7.38 	7	5	992.22 	1047.16 	61.64 
159	38.87 	-10.02 	7	3	583.42 	638.63 	59.73 
160	39.58 	-7.81 	7	3	1006.99 	1067.74 	54.17 
161	37.46 	-9.78 	7	5	1119.74 	1182.67 	45.36 
162	36.16 	-2.47 	7	1	522.48 	570.82 	53.60 
163	40.81 	-12.20 	7	3	297.95 	352.31 	53.99 
164	40.54 	-10.11 	7	2	92.32 	152.66 	60.02 
165	41.16 	-7.28 	7	1	839.32 	894.38 	64.76 
166	40.94 	-9.17 	7	4	1081.36 	1142.33 	52.46 
167	40.29 	-12.25 	7	2	1142.64 	1207.74 	58.05 
168	38.97 	-6.31 	7	2	729.50 	787.08 	59.06 
169	37.07 	-8.38 	7	2	1138.94 	1194.26 	53.33 
170	40.16 	-7.92 	7	5	293.20 	348.45 	50.24 
171	36.85 	-6.94 	7	1	343.45 	388.60 	53.37 
172	38.40 	-5.02 	7	1	771.22 	828.06 	58.15 
173	38.59 	-9.61 	7	4	1100.49 	1158.80 	60.97 
174	41.35 	-8.20 	7	2	337.50 	396.63 	50.70 
175	37.94 	-4.84 	7	3	765.19 	823.09 	64.73 
176	62.66 	12.53 	8	1	62.06 	117.10 	52.52 
177	61.17 	11.35 	8	3	650.87 	700.62 	53.57 
178	57.45 	11.31 	8	2	567.36 	615.09 	59.74 
179	59.31 	11.95 	8	4	1174.62 	1220.87 	60.15 
180	63.78 	16.31 	8	5	484.10 	542.16 	56.82 
181	61.98 	13.15 	8	1	1134.79 	1192.60 	55.33 
182	62.04 	13.61 	8	3	819.18 	868.91 	56.06 
183	65.25 	10.31 	8	4	1169.76 	1209.68 	48.84 
184	61.55 	10.95 	8	2	823.32 	872.39 	60.32 
185	61.21 	14.97 	8	2	189.50 	237.47 	62.68 
186	63.90 	14.41 	8	1	358.14 	412.50 	58.28 
187	62.67 	9.61 	8	5	478.32 	534.51 	50.43 
188	60.22 	13.11 	8	1	668.47 	717.06 	50.98 
189	62.53 	10.20 	8	2	132.57 	174.95 	64.67 
190	58.98 	8.95 	8	2	936.78 	1001.45 	48.85 
191	61.09 	11.45 	8	5	791.30 	846.33 	55.78 
192	59.31 	12.37 	8	5	813.28 	859.64 	53.51 
193	62.78 	11.43 	8	1	67.55 	122.39 	57.68 
194	60.91 	6.65 	8	2	754.38 	802.65 	63.06 
195	65.23 	14.32 	8	3	197.18 	249.09 	55.67 
196	61.02 	12.32 	8	1	82.73 	128.22 	47.99 
197	61.01 	11.88 	8	5	308.84 	362.49 	63.59 
198	59.92 	12.05 	8	3	383.23 	431.52 	59.73 
199	59.48 	9.37 	8	3	532.12 	588.49 	52.92 
200	63.14 	13.23 	8	3	752.25 	805.64 	46.47 
