200           32              24              8               8             216


1	1	2	0	1200	400	600	30
2	1	2	0	1200	400	600	30
3	1	3	0	1200	400	600	30
4	2	2	0	1200	400	600	30
5	2	2	0	1200	400	600	30
6	2	3	0	1200	400	600	30
7	3	1	0	1200	400	600	30
8	3	2	0	1200	400	600	30
9	3	3	0	1200	400	600	30
10	4	2	0	1200	400	600	30
11	4	2	0	1200	400	600	30
12	4	3	0	1200	400	600	30
13	5	2	0	1200	400	600	30
14	5	2	0	1200	400	600	30
15	5	3	0	1200	400	600	30
16	6	1	0	1200	400	600	30
17	6	2	0	1200	400	600	30
18	6	3	0	1200	400	600	30
19	7	2	0	1200	400	600	30
20	7	2	0	1200	400	600	30
21	7	3	0	1200	400	600	30
22	8	2	0	1200	400	600	30
23	8	2	0	1200	400	600	30
24	8	3	0	1200	400	600	30
25	0	5	0	1200	400	600	30
26	0	5	0	1200	400	600	30
27	0	5	0	1200	400	600	30
28	0	5	0	1200	400	600	30
29	0	5	0	1200	400	600	30
30	0	5	0	1200	400	600	30
31	0	5	0	1200	400	600	30
32	0	5	0	1200	400	600	30


1               -9.58 	-0.81          1              
2               -9.58 	-0.81          1             
3                10.16 	0.93          2              
4                10.16 	0.93          2             
5               -1.73 	18.16          3              
6               -1.73 	18.16          3             
7               31.78 	3.15           4              
8               31.78 	3.15           4             
9               19.57 	20.16          5              
10             19.57 	20.16          5             
11             52.12 	6.80           6              
12             52.12 	6.80           6             
13              39.56 	23.11          7              
14              39.56 	23.11          7            
15              72.01 	9.72           8              
16              72.01 	9.72           8             


1	-13.72 	-6.37 	1	5	179.26 	198.41 	51.00 
2	-12.19 	-2.93 	1	1	844.04 	872.54 	46.37 
3	-4.00 	3.00 	1	1	1093.17 	1134.74 	58.23 
4	-11.68 	-0.92 	1	2	36.88 	64.87 	55.51 
5	-12.18 	-2.15 	1	3	838.04 	862.11 	56.76 
6	-9.20 	0.82 	1	5	767.03 	791.53 	59.55 
7	-11.89 	-0.63 	1	2	925.59 	943.69 	47.83 
8	-6.92 	-1.26 	1	2	784.94 	816.79 	64.45 
9	-4.78 	1.11 	1	2	693.53 	721.65 	63.73 
10	-9.01 	-0.44 	1	1	278.45 	312.81 	47.74 
11	-10.85 	1.12 	1	5	414.49 	442.44 	57.90 
12	-7.52 	2.19 	1	5	1035.60 	1060.51 	51.84 
13	-11.75 	-3.03 	1	2	66.10 	94.44 	58.36 
14	-6.68 	0.30 	1	1	893.36 	916.58 	48.69 
15	-14.26 	-3.16 	1	3	961.53 	998.63 	54.64 
16	-11.17 	-3.35 	1	3	496.76 	525.55 	59.53 
17	-10.18 	-1.38 	1	1	929.93 	962.89 	57.57 
18	-3.47 	-3.86 	1	3	80.55 	106.88 	63.98 
19	-10.63 	1.05 	1	3	545.11 	563.27 	60.10 
20	-11.34 	2.12 	1	1	189.95 	218.75 	47.17 
21	-12.06 	0.73 	1	4	978.09 	997.60 	60.86 
22	-10.17 	-1.08 	1	4	994.94 	1024.26 	46.74 
23	-10.33 	-3.75 	1	2	812.40 	846.92 	57.19 
24	-6.63 	-0.86 	1	3	186.67 	213.87 	61.91 
25	-6.91 	2.35 	1	1	58.17 	88.70 	46.25 
26	10.80 	-3.30 	2	2	999.65 	1026.44 	63.24 
27	12.81 	-0.11 	2	2	1085.38 	1113.21 	58.16 
28	12.73 	-0.98 	2	3	248.14 	282.58 	62.25 
29	5.67 	5.28 	2	5	588.23 	618.61 	60.71 
30	11.30 	4.83 	2	1	1086.20 	1105.22 	52.84 
31	13.56 	-3.42 	2	2	391.29 	422.28 	56.36 
32	13.34 	0.76 	2	4	776.53 	805.73 	64.00 
33	9.72 	-0.39 	2	1	343.98 	367.57 	50.11 
34	12.07 	0.36 	2	3	408.72 	429.61 	48.94 
35	9.73 	-1.21 	2	4	759.55 	779.43 	58.36 
36	12.21 	4.18 	2	3	882.42 	913.87 	58.63 
37	5.32 	0.35 	2	3	1177.32 	1213.22 	46.22 
38	6.98 	0.13 	2	2	340.86 	359.43 	56.44 
39	12.89 	0.38 	2	2	1122.67 	1143.60 	60.64 
40	9.93 	-1.14 	2	4	1000.38 	1024.61 	59.85 
41	11.99 	1.59 	2	3	184.66 	216.22 	57.10 
42	10.40 	3.46 	2	5	1044.89 	1061.85 	49.96 
43	12.84 	0.35 	2	1	1147.22 	1174.92 	60.95 
44	9.26 	4.75 	2	1	803.01 	819.10 	53.97 
45	8.15 	3.22 	2	2	289.30 	309.49 	60.65 
46	12.36 	-0.12 	2	4	965.71 	989.25 	45.48 
47	5.05 	-0.49 	2	1	835.33 	856.95 	57.25 
48	9.08 	3.10 	2	1	492.10 	510.07 	63.12 
49	6.75 	-0.20 	2	3	1168.64 	1193.28 	62.76 
50	9.08 	1.79 	2	1	257.99 	285.93 	52.08 
51	-2.36 	20.85 	3	3	160.93 	176.20 	55.82 
52	-2.55 	20.40 	3	2	258.80 	279.49 	53.33 
53	-1.90 	20.51 	3	4	745.36 	772.79 	60.39 
54	-0.51 	16.30 	3	1	706.91 	722.24 	64.46 
55	-5.21 	18.42 	3	1	872.11 	895.17 	61.28 
56	-3.10 	18.12 	3	3	683.77 	711.38 	55.90 
57	0.70 	18.32 	3	3	406.69 	435.70 	53.18 
58	-2.97 	18.00 	3	2	270.07 	295.45 	63.69 
59	-6.94 	11.94 	3	5	194.67 	219.57 	58.27 
60	-4.34 	14.93 	3	2	1028.28 	1037.78 	50.45 
61	4.07 	17.82 	3	2	322.95 	356.82 	48.33 
62	-3.65 	24.66 	3	4	320.87 	336.24 	52.96 
63	1.03 	13.23 	3	1	616.32 	630.61 	61.80 
64	-5.32 	21.17 	3	1	435.24 	455.68 	48.43 
65	-3.78 	18.32 	3	4	735.79 	765.80 	49.77 
66	-2.08 	16.73 	3	2	464.71 	488.01 	45.67 
67	-2.38 	16.00 	3	4	336.48 	362.32 	60.30 
68	3.97 	15.45 	3	1	956.69 	982.19 	62.17 
69	3.23 	16.03 	3	1	555.22 	582.71 	54.13 
70	-0.31 	18.68 	3	3	540.53 	564.41 	53.06 
71	-4.74 	15.66 	3	5	735.56 	752.81 	51.45 
72	1.72 	24.87 	3	1	1174.36 	1208.07 	49.12 
73	-3.06 	18.82 	3	3	142.73 	172.71 	64.50 
74	1.62 	17.83 	3	3	733.68 	755.42 	58.98 
75	-4.38 	20.88 	3	2	973.24 	1002.26 	52.79 
76	34.76 	5.53 	4	5	340.06 	356.28 	52.90 
77	33.34 	0.71 	4	4	139.16 	165.12 	58.04 
78	33.20 	3.41 	4	2	633.30 	653.29 	64.54 
79	29.04 	3.26 	4	1	208.88 	228.34 	58.42 
80	30.00 	3.12 	4	1	982.26 	1002.60 	54.66 
81	29.21 	-1.23 	4	1	508.89 	539.03 	48.95 
82	26.11 	2.82 	4	3	534.54 	568.36 	63.59 
83	28.52 	2.80 	4	2	90.88 	117.13 	51.41 
84	29.29 	1.70 	4	3	497.66 	523.95 	57.24 
85	31.21 	4.04 	4	2	72.05 	106.72 	64.67 
86	31.60 	6.10 	4	4	1100.67 	1119.76 	54.30 
87	32.99 	4.95 	4	4	227.75 	247.38 	48.37 
88	34.06 	3.93 	4	3	286.16 	316.78 	55.70 
89	30.96 	2.85 	4	3	101.60 	123.89 	63.44 
90	36.58 	1.65 	4	2	455.82 	474.72 	63.88 
91	31.30 	2.80 	4	1	388.68 	421.84 	64.28 
92	31.20 	3.84 	4	4	1152.22 	1173.69 	62.32 
93	31.04 	4.31 	4	1	1170.76 	1199.42 	55.38 
94	34.14 	2.17 	4	1	310.19 	345.35 	48.75 
95	33.40 	2.05 	4	3	364.39 	384.69 	64.51 
96	32.81 	2.03 	4	2	738.06 	764.63 	53.97 
97	33.33 	5.62 	4	1	386.40 	418.44 	49.20 
98	37.35 	3.76 	4	3	463.29 	491.71 	49.30 
99	33.08 	3.00 	4	2	495.55 	522.11 	64.08 
100	25.96 	3.45 	4	5	542.06 	571.70 	51.09 
101	19.62 	19.74 	5	2	715.56 	740.95 	52.66 
102	21.29 	20.16 	5	4	476.94 	503.78 	45.66 
103	21.26 	23.52 	5	5	280.18 	302.55 	60.46 
104	16.84 	19.08 	5	1	235.80 	260.79 	57.11 
105	19.21 	22.46 	5	1	855.61 	872.16 	61.33 
106	20.22 	19.46 	5	2	186.55 	214.14 	51.24 
107	19.75 	13.70 	5	1	1076.57 	1101.68 	62.13 
108	17.26 	19.81 	5	4	228.20 	253.68 	58.76 
109	22.52 	19.89 	5	3	763.65 	784.73 	58.09 
110	20.01 	18.36 	5	1	357.56 	378.33 	59.39 
111	15.77 	21.83 	5	3	862.73 	888.80 	55.56 
112	17.94 	21.17 	5	4	420.40 	448.84 	54.98 
113	19.28 	16.75 	5	3	481.48 	499.77 	51.00 
114	16.49 	25.49 	5	3	765.07 	793.74 	50.26 
115	16.43 	17.64 	5	5	274.57 	296.30 	56.55 
116	23.39 	17.33 	5	2	969.81 	992.13 	62.30 
117	25.21 	18.74 	5	1	352.92 	375.09 	58.67 
118	20.91 	23.11 	5	2	190.20 	216.72 	51.82 
119	16.44 	21.09 	5	2	496.24 	528.52 	60.11 
120	18.89 	19.94 	5	4	769.96 	790.37 	45.99 
121	17.13 	18.03 	5	1	92.65 	120.00 	50.43 
122	23.33 	19.44 	5	3	228.10 	263.87 	45.70 
123	17.91 	26.73 	5	2	58.34 	79.53 	50.33 
124	21.60 	18.30 	5	3	523.65 	545.31 	64.16 
125	20.67 	22.15 	5	1	787.14 	816.40 	46.06 
126	51.52 	6.63 	6	4	766.80 	799.31 	45.47 
127	54.70 	7.67 	6	4	516.16 	543.11 	47.95 
128	54.55 	9.74 	6	3	1118.61 	1145.82 	59.69 
129	52.66 	5.02 	6	5	839.10 	872.32 	48.81 
130	52.34 	1.56 	6	2	475.31 	508.84 	62.03 
131	52.05 	10.19 	6	4	461.50 	489.00 	57.99 
132	52.65 	8.49 	6	2	558.90 	585.81 	47.93 
133	52.06 	1.48 	6	3	607.05 	637.86 	62.13 
134	50.72 	7.59 	6	2	415.47 	438.62 	62.71 
135	54.55 	16.30 	6	1	541.78 	565.13 	59.79 
136	52.96 	1.86 	6	5	1059.03 	1094.41 	62.17 
137	52.01 	8.61 	6	1	367.02 	387.63 	50.59 
138	51.67 	5.94 	6	3	960.98 	983.34 	46.95 
139	52.17 	5.84 	6	1	543.59 	576.78 	47.77 
140	50.37 	4.87 	6	2	313.05 	331.84 	62.24 
141	52.92 	4.74 	6	3	175.22 	206.09 	61.93 
142	49.24 	0.65 	6	1	875.61 	882.74 	60.74 
143	51.60 	8.39 	6	2	892.85 	914.69 	56.63 
144	51.28 	9.34 	6	3	577.00 	600.92 	47.33 
145	50.51 	3.40 	6	1	283.04 	319.61 	62.15 
146	50.80 	9.30 	6	3	607.78 	642.34 	49.56 
147	52.57 	5.51 	6	4	117.47 	141.02 	45.91 
148	51.46 	10.73 	6	1	589.24 	622.31 	45.40 
149	51.74 	9.34 	6	2	721.29 	752.97 	52.25 
150	53.91 	6.89 	6	1	516.41 	538.77 	59.80 
151	38.19 	23.05 	7	3	427.82 	463.08 	51.28 
152	37.57 	25.54 	7	1	551.78 	579.13 	56.01 
153	37.95 	22.69 	7	2	386.92 	410.05 	46.95 
154	37.71 	23.70 	7	1	303.87 	326.24 	48.00 
155	42.06 	17.91 	7	5	902.33 	941.23 	49.51 
156	38.68 	25.29 	7	2	491.22 	517.98 	50.98 
157	42.47 	24.85 	7	3	515.32 	539.23 	57.05 
158	41.65 	22.06 	7	4	561.59 	587.84 	52.12 
159	35.64 	22.92 	7	3	450.44 	473.99 	53.25 
160	42.05 	23.52 	7	4	823.03 	856.51 	51.09 
161	37.11 	25.42 	7	2	232.01 	265.04 	51.40 
162	38.05 	19.04 	7	3	64.23 	89.05 	62.98 
163	38.48 	20.36 	7	5	941.20 	971.37 	50.90 
164	36.31 	27.55 	7	4	146.62 	163.73 	63.86 
165	39.88 	21.56 	7	1	351.51 	378.82 	55.90 
166	40.81 	26.85 	7	2	766.84 	790.30 	47.98 
167	38.91 	26.11 	7	3	875.98 	903.31 	49.63 
168	44.88 	17.34 	7	3	1186.75 	1198.42 	52.28 
169	42.99 	19.48 	7	4	383.36 	419.64 	45.15 
170	39.56 	19.86 	7	1	705.66 	731.30 	52.43 
171	37.39 	23.03 	7	2	776.29 	808.20 	46.17 
172	37.84 	22.14 	7	1	788.20 	820.29 	59.04 
173	37.81 	27.17 	7	1	497.89 	518.16 	55.90 
174	43.21 	28.34 	7	4	801.28 	831.77 	58.21 
175	41.79 	22.00 	7	2	1122.55 	1155.60 	49.29 
176	79.27 	16.37 	8	3	685.99 	714.59 	60.51 
177	74.29 	8.87 	8	1	300.83 	339.73 	54.75 
178	73.39 	12.66 	8	5	657.90 	677.66 	59.95 
179	70.40 	15.56 	8	1	91.42 	118.12 	46.47 
180	70.09 	12.61 	8	4	472.58 	495.31 	46.06 
181	68.80 	9.52 	8	1	804.04 	834.05 	61.25 
182	79.26 	5.19 	8	1	321.68 	340.49 	55.81 
183	71.64 	11.21 	8	5	1034.18 	1050.15 	58.18 
184	72.60 	12.48 	8	3	709.49 	743.56 	53.97 
185	80.02 	4.87 	8	1	1159.84 	1183.34 	45.35 
186	75.86 	-0.62 	8	3	1029.22 	1062.00 	64.29 
187	73.35 	8.99 	8	2	460.57 	492.20 	56.04 
188	71.19 	17.55 	8	2	1073.50 	1096.13 	62.77 
189	69.29 	14.24 	8	2	871.59 	912.01 	56.01 
190	66.14 	1.61 	8	5	417.46 	441.41 	62.14 
191	70.58 	20.22 	8	3	193.23 	202.47 	60.97 
192	66.28 	13.44 	8	3	1010.60 	1042.39 	60.88 
193	76.54 	0.49 	8	4	949.83 	969.58 	55.20 
194	68.94 	7.78 	8	2	576.17 	605.88 	58.66 
195	72.10 	10.48 	8	1	534.40 	570.07 	56.37 
196	67.16 	5.10 	8	2	465.88 	493.34 	51.21 
197	66.93 	9.67 	8	3	803.59 	819.05 	48.67 
198	71.37 	-3.77 	8	2	935.57 	954.65 	59.25 
199	68.71 	11.53 	8	5	1180.97 	1210.81 	63.33 
200	75.96 	16.86 	8	4	110.34 	135.31 	51.63 
