200           32              24              8               8             216


1	1	2	0	1200	400	600	30
2	1	2	0	1200	400	600	30
3	1	3	0	1200	400	600	30
4	2	2	0	1200	400	600	30
5	2	2	0	1200	400	600	30
6	2	3	0	1200	400	600	30
7	3	1	0	1200	400	600	30
8	3	2	0	1200	400	600	30
9	3	3	0	1200	400	600	30
10	4	2	0	1200	400	600	30
11	4	2	0	1200	400	600	30
12	4	3	0	1200	400	600	30
13	5	2	0	1200	400	600	30
14	5	2	0	1200	400	600	30
15	5	3	0	1200	400	600	30
16	6	1	0	1200	400	600	30
17	6	2	0	1200	400	600	30
18	6	3	0	1200	400	600	30
19	7	2	0	1200	400	600	30
20	7	2	0	1200	400	600	30
21	7	3	0	1200	400	600	30
22	8	2	0	1200	400	600	30
23	8	2	0	1200	400	600	30
24	8	3	0	1200	400	600	30
25	0	5	0	1200	400	600	30
26	0	5	0	1200	400	600	30
27	0	5	0	1200	400	600	30
28	0	5	0	1200	400	600	30
29	0	5	0	1200	400	600	30
30	0	5	0	1200	400	600	30
31	0	5	0	1200	400	600	30
32	0	5	0	1200	400	600	30


1              -3.18 	-10.50          1              
2              -3.18 	-10.50          1             
3               3.71 	10.15          2              
4               3.71 	10.15          2             
5               -16.21 	6.84          3              
6               -16.21 	6.84          3             
7              11.01 	26.95           4              
8              11.01 	26.95           4             
9               -8.51 	24.57          5             
10             -8.51 	24.57          5             
11            19.29 	46.94          6              
12            19.29 	46.94          6             
13               -0.41 	43.00          7              
14               -0.41 	43.00          7            
15              27.52 	63.93           8              
16              27.52 	63.93           8             


1	0.01 	-9.59 	1	1	622.48 	645.07 	47.65 
2	-0.71 	-13.30 	1	2	1148.41 	1180.88 	48.99 
3	-5.78 	-10.36 	1	2	408.19 	425.81 	50.01 
4	-0.58 	-15.39 	1	5	539.40 	564.72 	62.52 
5	-5.16 	-15.19 	1	1	913.86 	939.65 	49.05 
6	-2.35 	-10.78 	1	3	325.59 	348.48 	50.36 
7	-4.64 	-7.82 	1	4	560.14 	590.25 	45.75 
8	-4.02 	-9.57 	1	3	946.90 	967.84 	46.33 
9	-3.10 	-10.22 	1	1	227.87 	248.52 	50.46 
10	-4.83 	-11.16 	1	2	1127.06 	1161.47 	63.67 
11	-2.24 	-12.77 	1	5	1161.95 	1186.48 	63.28 
12	-2.63 	-8.39 	1	1	583.10 	602.75 	64.15 
13	-2.81 	-8.22 	1	1	552.14 	579.29 	61.91 
14	2.05 	-13.07 	1	2	308.35 	333.66 	49.45 
15	-5.11 	-8.35 	1	2	889.69 	912.31 	60.68 
16	-7.93 	-8.16 	1	5	596.07 	619.41 	53.85 
17	-2.47 	-9.10 	1	1	588.89 	610.66 	62.57 
18	-5.24 	-10.08 	1	3	267.25 	299.64 	46.43 
19	0.23 	-10.99 	1	3	356.64 	383.59 	64.73 
20	-3.07 	-11.34 	1	1	266.99 	289.91 	50.81 
21	-2.49 	-9.76 	1	3	305.50 	336.68 	54.45 
22	-4.04 	-9.09 	1	5	392.26 	416.38 	54.47 
23	-4.73 	-11.66 	1	3	939.50 	969.55 	62.51 
24	-2.50 	-11.68 	1	5	188.42 	212.71 	60.22 
25	-5.24 	-6.55 	1	2	167.78 	193.54 	47.13 
26	4.54 	7.76 	2	2	369.68 	394.12 	54.60 
27	3.73 	8.09 	2	3	173.99 	196.87 	63.65 
28	0.85 	9.76 	2	1	1024.39 	1052.15 	45.15 
29	3.74 	12.42 	2	1	279.78 	303.60 	54.34 
30	6.27 	6.78 	2	1	298.99 	328.46 	46.10 
31	5.25 	9.71 	2	4	638.85 	668.16 	59.54 
32	5.66 	4.68 	2	3	776.63 	801.30 	57.37 
33	1.19 	12.71 	2	5	65.20 	80.68 	46.83 
34	5.36 	11.21 	2	1	447.29 	466.95 	56.04 
35	4.27 	12.64 	2	2	837.05 	860.68 	56.56 
36	1.77 	10.14 	2	3	1146.92 	1158.87 	58.08 
37	0.80 	9.45 	2	1	1171.77 	1191.97 	51.85 
38	3.70 	14.24 	2	2	180.17 	199.33 	57.44 
39	4.99 	9.93 	2	2	1167.14 	1188.44 	45.40 
40	5.14 	8.68 	2	3	365.04 	392.16 	47.39 
41	4.37 	14.13 	2	3	158.72 	187.47 	55.11 
42	5.01 	9.64 	2	5	308.21 	323.99 	61.34 
43	4.39 	9.00 	2	3	1001.06 	1029.24 	54.98 
44	3.10 	11.20 	2	1	845.96 	876.09 	57.95 
45	3.08 	9.99 	2	2	607.40 	628.65 	59.43 
46	2.96 	9.53 	2	2	256.09 	280.66 	47.55 
47	4.30 	10.14 	2	5	158.59 	193.72 	49.69 
48	3.14 	5.76 	2	1	1069.92 	1091.99 	57.49 
49	-0.23 	12.90 	2	5	163.81 	199.66 	60.04 
50	5.33 	13.28 	2	5	36.69 	67.21 	46.45 
51	-12.01 	9.93 	3	1	298.76 	326.53 	51.29 
52	-14.03 	10.91 	3	5	382.20 	400.87 	60.91 
53	-22.03 	2.06 	3	3	1180.05 	1207.28 	61.98 
54	-16.80 	8.65 	3	3	584.88 	599.00 	54.39 
55	-16.97 	5.94 	3	3	376.71 	392.92 	50.00 
56	-15.80 	7.18 	3	2	322.87 	347.14 	58.02 
57	-17.54 	4.23 	3	3	664.76 	698.47 	62.97 
58	-16.25 	5.18 	3	5	123.99 	141.75 	49.28 
59	-16.59 	7.14 	3	1	836.54 	873.47 	51.58 
60	-15.27 	9.30 	3	5	954.40 	973.76 	59.19 
61	-17.93 	3.17 	3	4	64.39 	81.54 	61.22 
62	-15.41 	6.68 	3	1	277.18 	302.24 	51.13 
63	-14.52 	9.50 	3	1	96.56 	123.16 	52.65 
64	-14.60 	5.56 	3	5	633.02 	658.74 	53.52 
65	-15.48 	7.30 	3	5	597.58 	624.22 	48.57 
66	-16.70 	7.17 	3	1	157.06 	188.17 	50.43 
67	-14.59 	11.23 	3	3	98.36 	128.90 	51.59 
68	-13.66 	10.38 	3	3	904.75 	930.87 	56.59 
69	-18.55 	6.34 	3	2	897.42 	923.71 	62.81 
70	-19.40 	4.57 	3	2	185.48 	215.10 	46.00 
71	-15.39 	4.85 	3	2	374.71 	399.33 	48.54 
72	-15.83 	6.68 	3	2	542.87 	564.33 	47.41 
73	-16.35 	8.02 	3	1	692.45 	713.81 	46.14 
74	-17.21 	4.16 	3	2	912.49 	945.33 	54.71 
75	-16.40 	4.84 	3	1	1075.98 	1110.28 	49.61 
76	11.21 	26.53 	4	2	839.37 	855.25 	49.01 
77	13.10 	28.08 	4	1	792.57 	831.33 	47.68 
78	9.74 	25.75 	4	1	943.34 	963.29 	48.58 
79	10.89 	26.39 	4	1	451.49 	488.31 	60.57 
80	11.49 	27.07 	4	3	402.89 	429.03 	59.20 
81	10.16 	25.33 	4	2	195.44 	220.67 	64.13 
82	9.19 	24.17 	4	2	714.29 	729.48 	55.02 
83	8.95 	28.57 	4	1	66.70 	86.41 	63.95 
84	6.64 	21.86 	4	5	99.87 	124.13 	64.96 
85	8.94 	26.96 	4	1	608.58 	630.28 	54.62 
86	15.99 	30.93 	4	5	1081.42 	1107.91 	58.20 
87	8.87 	26.42 	4	3	159.90 	186.34 	58.27 
88	12.35 	27.76 	4	5	869.72 	879.98 	46.77 
89	6.56 	22.64 	4	3	623.16 	657.77 	50.00 
90	16.24 	31.56 	4	3	674.74 	699.06 	56.44 
91	11.73 	25.12 	4	3	766.52 	794.13 	53.96 
92	9.69 	25.75 	4	3	1136.69 	1172.54 	58.19 
93	12.46 	27.86 	4	2	1026.75 	1042.32 	57.70 
94	13.69 	27.84 	4	5	73.15 	93.16 	63.25 
95	15.65 	28.34 	4	2	363.90 	385.89 	50.04 
96	10.25 	28.40 	4	4	929.09 	947.82 	52.81 
97	10.29 	26.34 	4	2	135.87 	156.90 	58.55 
98	9.64 	28.35 	4	1	947.41 	982.01 	59.06 
99	9.73 	26.49 	4	1	564.40 	597.22 	62.32 
100	11.77 	29.21 	4	5	248.44 	274.22 	59.45 
101	-5.54 	25.10 	5	3	153.85 	172.02 	53.12 
102	-4.82 	29.28 	5	5	460.75 	491.09 	59.31 
103	-7.04 	24.63 	5	1	1108.93 	1142.13 	62.17 
104	-7.35 	22.72 	5	5	237.16 	266.77 	45.80 
105	-8.73 	24.65 	5	1	852.44 	877.74 	51.12 
106	-7.53 	25.44 	5	4	832.35 	861.26 	56.84 
107	-9.14 	23.76 	5	5	643.22 	672.19 	63.47 
108	-7.04 	23.79 	5	3	433.04 	463.68 	64.02 
109	-6.26 	25.92 	5	1	620.94 	637.40 	46.35 
110	-3.51 	27.93 	5	5	806.02 	834.51 	57.69 
111	-15.07 	22.74 	5	1	1006.63 	1034.54 	64.91 
112	-9.70 	27.75 	5	3	1152.95 	1175.70 	62.41 
113	-7.75 	25.31 	5	3	277.72 	300.95 	54.50 
114	-5.96 	25.46 	5	5	645.62 	672.50 	54.35 
115	-3.42 	24.00 	5	3	125.54 	148.30 	53.38 
116	-10.54 	26.93 	5	2	902.18 	931.02 	61.45 
117	-8.67 	23.85 	5	1	532.37 	569.37 	59.49 
118	-7.82 	27.77 	5	2	181.27 	206.75 	50.39 
119	-10.13 	24.96 	5	1	1012.14 	1022.08 	60.50 
120	-10.96 	21.32 	5	2	431.49 	465.07 	51.24 
121	-8.35 	26.92 	5	2	66.67 	102.43 	54.33 
122	-10.51 	22.18 	5	2	277.22 	313.39 	62.43 
123	-8.32 	19.75 	5	1	270.45 	293.15 	57.03 
124	-15.07 	21.50 	5	3	357.82 	381.71 	53.75 
125	-13.61 	20.60 	5	2	1029.93 	1046.27 	46.76 
126	16.41 	44.49 	6	4	126.26 	148.68 	60.55 
127	16.88 	46.43 	6	5	970.64 	987.21 	54.81 
128	19.51 	48.37 	6	1	718.22 	736.99 	57.35 
129	18.37 	44.76 	6	2	732.70 	754.49 	61.68 
130	20.97 	50.53 	6	1	418.37 	449.07 	47.65 
131	23.00 	46.13 	6	5	1052.87 	1075.22 	53.23 
132	20.26 	46.84 	6	2	1079.62 	1108.74 	50.11 
133	19.63 	51.87 	6	3	853.96 	881.53 	64.25 
134	19.35 	50.03 	6	5	684.20 	698.76 	53.12 
135	20.33 	48.12 	6	2	867.91 	896.43 	49.89 
136	19.31 	49.57 	6	1	588.68 	609.85 	54.19 
137	14.23 	49.03 	6	2	271.59 	294.26 	46.83 
138	17.56 	47.14 	6	3	415.51 	436.50 	61.39 
139	19.23 	44.99 	6	2	795.97 	825.62 	52.90 
140	20.91 	47.66 	6	5	988.72 	1004.61 	51.06 
141	18.77 	42.30 	6	3	645.12 	679.53 	48.48 
142	18.18 	47.52 	6	1	430.43 	456.06 	52.23 
143	20.35 	50.16 	6	3	661.02 	690.50 	47.66 
144	18.94 	45.12 	6	3	72.59 	105.35 	48.87 
145	21.61 	40.56 	6	1	347.74 	369.54 	58.33 
146	18.95 	45.69 	6	3	1140.25 	1159.85 	52.49 
147	20.61 	48.91 	6	5	129.95 	154.82 	63.47 
148	20.62 	46.53 	6	1	405.30 	438.08 	61.08 
149	18.70 	43.65 	6	2	1136.54 	1160.93 	52.79 
150	19.49 	47.09 	6	1	80.36 	103.95 	62.88 
151	4.50 	45.16 	7	4	175.01 	204.59 	49.27 
152	3.13 	47.40 	7	5	647.36 	670.86 	63.44 
153	0.67 	40.97 	7	2	100.09 	131.42 	49.51 
154	1.56 	45.70 	7	3	735.77 	765.48 	45.30 
155	-1.54 	44.54 	7	5	234.30 	257.71 	56.30 
156	-5.26 	43.56 	7	1	600.39 	636.86 	55.60 
157	-0.34 	39.60 	7	5	423.09 	456.60 	49.68 
158	-0.57 	40.69 	7	5	55.05 	85.85 	60.50 
159	-4.58 	43.26 	7	2	812.53 	835.22 	62.55 
160	0.79 	43.57 	7	1	188.49 	215.25 	50.28 
161	-1.76 	40.42 	7	3	994.32 	1029.71 	58.50 
162	-4.49 	41.31 	7	1	646.11 	683.06 	49.41 
163	-2.01 	43.80 	7	1	1150.28 	1165.20 	58.99 
164	-2.89 	42.11 	7	3	1039.37 	1063.37 	47.39 
165	1.22 	42.18 	7	1	442.73 	470.15 	47.50 
166	-3.17 	43.65 	7	2	600.34 	627.33 	45.96 
167	2.06 	43.69 	7	2	996.50 	1010.82 	53.36 
168	-2.15 	41.58 	7	3	501.73 	527.92 	58.73 
169	3.24 	45.82 	7	4	467.97 	500.24 	48.10 
170	-1.27 	45.87 	7	3	45.63 	63.10 	46.97 
171	4.81 	42.27 	7	1	930.25 	950.43 	47.42 
172	1.29 	42.55 	7	2	642.66 	677.57 	54.75 
173	-1.97 	40.83 	7	5	800.23 	818.83 	52.87 
174	-2.00 	42.49 	7	2	290.26 	316.89 	54.12 
175	0.46 	42.10 	7	3	411.96 	432.52 	56.63 
176	27.79 	60.35 	8	3	912.77 	932.49 	46.68 
177	24.81 	63.28 	8	2	605.25 	625.50 	57.75 
178	29.06 	64.77 	8	2	680.32 	715.67 	57.81 
179	29.07 	66.20 	8	2	933.63 	958.01 	45.85 
180	25.58 	70.78 	8	5	267.78 	296.85 	62.47 
181	26.81 	59.81 	8	5	575.16 	610.53 	52.02 
182	33.70 	61.17 	8	3	885.19 	911.75 	53.29 
183	27.23 	62.98 	8	1	818.89 	848.00 	45.68 
184	23.86 	59.84 	8	4	687.23 	710.01 	51.24 
185	24.30 	65.15 	8	1	1147.38 	1177.46 	57.53 
186	30.88 	62.13 	8	4	1132.48 	1157.78 	47.33 
187	30.57 	62.30 	8	3	87.38 	106.74 	61.95 
188	26.69 	60.81 	8	3	1049.73 	1073.98 	49.70 
189	26.84 	65.51 	8	2	1057.94 	1089.72 	64.29 
190	28.40 	62.23 	8	1	134.62 	170.02 	62.19 
191	30.12 	63.98 	8	3	696.25 	721.01 	49.25 
192	28.96 	63.16 	8	5	257.10 	287.19 	62.82 
193	27.82 	66.03 	8	2	1044.55 	1079.29 	55.12 
194	23.62 	64.17 	8	1	1057.09 	1081.22 	54.26 
195	26.33 	66.66 	8	3	950.33 	975.49 	58.65 
196	26.87 	61.10 	8	5	43.73 	71.90 	48.28 
197	27.52 	70.88 	8	1	189.56 	217.17 	56.32 
198	23.54 	62.93 	8	1	1069.56 	1108.79 	53.96 
199	29.89 	67.59 	8	5	731.77 	755.89 	48.91 
200	27.63 	64.33 	8	2	420.10 	439.42 	60.19 
