400           64             48              16               8             416


1	1	1	0	1200	400	600	30
2	1	1	0	1200	400	600	30
3	1	2	0	1200	400	600	30
4	1	2	0	1200	400	600	30
5	1	3	0	1200	400	600	30
6	1	3	0	1200	400	600	30
7	2	1	0	1200	400	600	30
8	2	1	0	1200	400	600	30
9	2	2	0	1200	400	600	30
10	2	2	0	1200	400	600	30
11	2	3	0	1200	400	600	30
12	2	3	0	1200	400	600	30
13	3	1	0	1200	400	600	30
14	3	1	0	1200	400	600	30
15	3	2	0	1200	400	600	30
16	3	2	0	1200	400	600	30
17	3	3	0	1200	400	600	30
18	3	3	0	1200	400	600	30
19	4	1	0	1200	400	600	30
20	4	1	0	1200	400	600	30
21	4	2	0	1200	400	600	30
22	4	2	0	1200	400	600	30
23	4	3	0	1200	400	600	30
24	4	3	0	1200	400	600	30
25	5	1	0	1200	400	600	30
26	5	1	0	1200	400	600	30
27	5	2	0	1200	400	600	30
28	5	2	0	1200	400	600	30
29	5	3	0	1200	400	600	30
30	5	3	0	1200	400	600	30
31	6	1	0	1200	400	600	30
32	6	1	0	1200	400	600	30
33	6	2	0	1200	400	600	30
34	6	2	0	1200	400	600	30
35	6	3	0	1200	400	600	30
36	6	3	0	1200	400	600	30
37	7	1	0	1200	400	600	30
38	7	1	0	1200	400	600	30
39	7	2	0	1200	400	600	30
40	7	2	0	1200	400	600	30
41	7	3	0	1200	400	600	30
42	7	3	0	1200	400	600	30
43	8	1	0	1200	400	600	30
44	8	1	0	1200	400	600	30
45	8	2	0	1200	400	600	30
46	8	2	0	1200	400	600	30
47	8	3	0	1200	400	600	30
48	8	3	0	1200	400	600	30
49	0	5	0	1200	400	600	30
50	0	5	0	1200	400	600	30
51	0	5	0	1200	400	600	30
52	0	5	0	1200	400	600	30
53	0	5	0	1200	400	600	30
54	0	5	0	1200	400	600	30
55	0	5	0	1200	400	600	30
56	0	5	0	1200	400	600	30
57	0	5	0	1200	400	600	30
58	0	5	0	1200	400	600	30
59	0	5	0	1200	400	600	30
60	0	5	0	1200	400	600	30
61	0	5	0	1200	400	600	30
62	0	5	0	1200	400	600	30
63	0	5	0	1200	400	600	30
64	0	5	0	1200	400	600	30


1              -110 	110         1              
2              -110 	110         1             
3                0 	110         2              
4                0 	110         2             
5               110          110         3              
6               110          110         3             
7              -110            0          4              
8              -110            0          4             
9               110 	   0         5              
10             110 	   0         5             
11            -110 	-110         6              
12            -110 	-110         6             
13               0          -110         7              
14               0          -110         7            
15              110       -110          8              
16              110       -110          8             


1	-106.52 	80.10 	1	1	1166.01 	1194.16 	45.56 
2	-97.40 	99.33 	1	1	464.84 	488.52 	62.81 
3	-137.21 	91.35 	1	5	448.92 	474.23 	56.97 
4	-129.95 	98.42 	1	5	1162.70 	1192.42 	45.50 
5	-104.83 	114.12 	1	3	990.86 	1010.61 	49.72 
6	-118.21 	114.42 	1	1	1148.13 	1175.46 	55.53 
7	-109.82 	137.71 	1	3	1033.97 	1044.12 	57.64 
8	-136.55 	134.12 	1	2	415.04 	443.31 	62.10 
9	-94.08 	99.00 	1	2	551.65 	576.74 	51.39 
10	-135.82 	96.88 	1	1	64.27 	85.24 	64.32 
11	-104.70 	84.05 	1	2	1128.19 	1154.85 	58.86 
12	-101.02 	134.83 	1	1	306.43 	334.76 	64.05 
13	-138.05 	113.05 	1	3	848.21 	870.42 	48.00 
14	-114.25 	97.15 	1	3	1082.29 	1111.22 	49.91 
15	-93.88 	89.09 	1	2	560.67 	581.27 	54.96 
16	-130.53 	87.12 	1	5	835.78 	855.12 	55.89 
17	-134.99 	81.19 	1	2	845.36 	867.79 	46.21 
18	-125.74 	102.99 	1	5	773.65 	799.23 	49.71 
19	-131.23 	108.18 	1	2	508.34 	528.38 	57.91 
20	-92.93 	99.27 	1	2	321.73 	339.69 	48.15 
21	-92.89 	98.05 	1	5	781.71 	808.94 	49.34 
22	-110.56 	131.57 	1	2	40.57 	64.42 	63.19 
23	-81.15 	100.23 	1	4	598.94 	627.30 	61.82 
24	-132.31 	135.92 	1	5	138.74 	171.22 	52.21 
25	-97.27 	96.67 	1	2	176.00 	210.13 	48.56 
26	-139.97 	138.77 	1	1	637.01 	649.39 	59.43 
27	-84.39 	104.51 	1	1	430.96 	455.13 	53.96 
28	-108.01 	100.26 	1	5	412.43 	435.18 	64.81 
29	-136.45 	135.39 	1	5	77.09 	105.08 	46.19 
30	-134.85 	106.29 	1	5	621.97 	648.35 	52.20 
31	-117.77 	136.48 	1	1	341.09 	365.09 	63.09 
32	-83.96 	137.78 	1	1	970.40 	996.18 	56.52 
33	-135.95 	105.54 	1	1	712.25 	740.23 	50.96 
34	-80.21 	97.45 	1	2	1109.48 	1128.75 	58.00 
35	-96.74 	102.95 	1	1	598.18 	616.91 	63.99 
36	-139.26 	111.30 	1	3	783.20 	804.42 	63.49 
37	-133.03 	127.65 	1	3	848.71 	873.01 	48.17 
38	-110.08 	93.42 	1	3	336.16 	370.60 	63.12 
39	-123.37 	113.69 	1	3	713.52 	731.26 	53.71 
40	-81.17 	86.19 	1	1	447.91 	476.95 	45.87 
41	-119.77 	104.88 	1	3	1082.16 	1106.37 	50.47 
42	-103.79 	100.12 	1	1	335.43 	350.90 	64.03 
43	-90.80 	87.95 	1	4	505.96 	532.80 	57.48 
44	-87.74 	80.54 	1	3	668.15 	695.27 	61.40 
45	-104.07 	119.28 	1	3	1024.45 	1049.70 	56.77 
46	-107.43 	85.31 	1	1	666.31 	694.91 	47.18 
47	-113.47 	80.53 	1	3	1110.12 	1134.42 	54.61 
48	-101.29 	100.92 	1	5	51.80 	77.92 	51.40 
49	-114.47 	107.28 	1	2	323.24 	358.18 	61.41 
50	-90.51 	131.62 	1	2	753.06 	778.28 	54.68 
51	14.83 	80.31 	2	2	726.45 	761.08 	62.38 
52	24.59 	131.75 	2	1	605.50 	631.21 	46.29 
53	9.44 	82.21 	2	3	363.91 	388.67 	56.41 
54	-27.51 	135.05 	2	5	327.46 	351.54 	54.39 
55	14.87 	135.65 	2	3	1180.73 	1207.38 	57.73 
56	-22.57 	133.42 	2	2	383.74 	411.71 	47.15 
57	29.42 	116.76 	2	4	137.90 	165.94 	58.18 
58	7.79 	130.61 	2	1	549.84 	574.14 	58.15 
59	-6.57 	139.52 	2	1	736.70 	753.79 	58.12 
60	-20.32 	104.92 	2	1	1143.75 	1161.67 	59.33 
61	-26.30 	125.59 	2	3	410.61 	443.45 	52.73 
62	-15.40 	120.66 	2	3	1161.59 	1176.33 	55.39 
63	-19.54 	129.26 	2	5	219.54 	253.16 	61.99 
64	22.23 	126.47 	2	3	475.91 	503.20 	56.13 
65	-9.74 	83.04 	2	3	531.88 	563.78 	55.76 
66	-10.48 	124.26 	2	1	752.07 	782.67 	51.41 
67	-0.72 	97.41 	2	1	64.39 	108.36 	63.79 
68	-26.50 	129.41 	2	5	1148.13 	1175.17 	60.20 
69	-16.32 	103.42 	2	3	749.82 	789.41 	46.95 
70	-26.85 	124.16 	2	5	45.11 	82.20 	51.73 
71	7.00 	95.66 	2	2	146.86 	166.22 	50.46 
72	-6.78 	90.07 	2	3	360.01 	388.53 	63.97 
73	2.96 	121.17 	2	3	1018.11 	1054.78 	62.35 
74	7.20 	101.02 	2	2	813.78 	834.72 	49.69 
75	-25.19 	88.32 	2	2	886.74 	913.76 	60.81 
76	27.38 	126.04 	2	3	1070.00 	1085.52 	48.68 
77	-2.40 	113.49 	2	3	684.79 	710.22 	51.49 
78	-26.64 	116.50 	2	2	501.68 	531.84 	62.72 
79	13.57 	120.50 	2	1	921.50 	945.33 	49.58 
80	15.97 	123.48 	2	5	761.06 	778.01 	48.53 
81	-9.23 	85.64 	2	2	617.52 	643.46 	51.57 
82	-2.16 	92.83 	2	1	836.01 	863.24 	62.98 
83	-5.93 	110.44 	2	2	372.80 	390.35 	53.94 
84	26.29 	103.28 	2	4	549.89 	580.07 	57.98 
85	24.65 	102.70 	2	2	274.12 	300.10 	60.13 
86	10.46 	85.57 	2	5	882.67 	904.46 	61.76 
87	6.95 	116.13 	2	5	198.63 	219.85 	54.79 
88	6.06 	105.83 	2	2	1141.53 	1173.35 	45.10 
89	8.08 	94.05 	2	1	426.23 	452.51 	58.06 
90	3.08 	122.00 	2	2	1138.80 	1164.94 	63.86 
91	-15.22 	106.76 	2	3	1150.57 	1174.54 	56.77 
92	-7.93 	135.94 	2	1	203.64 	223.70 	53.62 
93	15.65 	92.69 	2	5	400.85 	422.84 	56.52 
94	21.43 	110.56 	2	5	544.19 	565.31 	59.93 
95	-14.67 	84.97 	2	5	820.03 	834.72 	51.96 
96	-0.71 	138.02 	2	1	75.98 	102.15 	55.56 
97	27.39 	129.96 	2	1	414.95 	441.56 	60.01 
98	-13.79 	94.67 	2	2	426.21 	455.40 	60.01 
99	13.63 	85.22 	2	1	513.76 	536.58 	45.08 
100	22.03 	132.78 	2	1	571.97 	603.66 	45.80 
101	113.21 	135.07 	3	4	1038.74 	1073.93 	46.03 
102	132.57 	98.25 	3	1	65.41 	87.05 	59.17 
103	116.47 	95.65 	3	1	312.19 	332.86 	53.80 
104	85.62 	97.15 	3	1	165.55 	194.88 	45.32 
105	118.53 	117.73 	3	5	720.50 	741.06 	64.44 
106	119.56 	122.05 	3	1	109.69 	135.94 	49.31 
107	120.03 	129.00 	3	2	401.97 	427.40 	64.30 
108	89.38 	95.43 	3	3	249.49 	272.70 	55.47 
109	111.03 	117.89 	3	1	766.97 	788.90 	51.80 
110	96.94 	137.38 	3	3	136.55 	170.91 	63.22 
111	80.82 	91.85 	3	2	1106.19 	1138.24 	47.51 
112	128.00 	98.69 	3	5	205.26 	230.51 	59.62 
113	135.18 	95.53 	3	3	1099.16 	1119.66 	53.36 
114	95.09 	92.51 	3	5	290.24 	316.11 	50.46 
115	88.80 	105.53 	3	5	700.26 	723.36 	61.94 
116	111.64 	134.50 	3	2	228.14 	255.11 	58.09 
117	113.96 	97.87 	3	2	533.54 	544.51 	45.25 
118	101.85 	94.37 	3	5	123.97 	144.30 	59.56 
119	89.21 	86.12 	3	1	269.51 	306.15 	55.08 
120	113.69 	119.25 	3	3	588.86 	614.65 	50.87 
121	116.94 	82.83 	3	5	780.89 	807.32 	50.58 
122	131.83 	137.62 	3	1	707.11 	716.01 	47.12 
123	121.50 	113.16 	3	3	243.38 	270.63 	59.78 
124	112.96 	97.68 	3	2	341.67 	367.13 	51.11 
125	127.23 	92.28 	3	2	331.00 	351.30 	58.88 
126	92.58 	80.75 	3	3	64.00 	91.04 	46.43 
127	116.22 	136.18 	3	5	908.90 	938.34 	48.52 
128	93.48 	85.76 	3	5	941.91 	975.92 	62.51 
129	128.00 	96.47 	3	1	448.63 	475.87 	63.20 
130	120.72 	86.06 	3	2	442.44 	454.94 	63.53 
131	127.79 	118.61 	3	3	226.85 	247.40 	58.88 
132	137.93 	91.37 	3	3	149.54 	172.43 	48.52 
133	95.50 	137.10 	3	1	923.35 	949.70 	49.16 
134	118.30 	118.54 	3	3	238.04 	264.23 	60.00 
135	132.65 	127.06 	3	5	881.07 	902.00 	64.74 
136	98.01 	128.20 	3	2	403.91 	432.94 	45.01 
137	86.68 	108.13 	3	2	307.93 	332.99 	46.79 
138	93.04 	109.21 	3	3	279.55 	300.56 	45.96 
139	94.83 	92.74 	3	3	1035.00 	1067.84 	61.01 
140	137.09 	122.16 	3	4	575.48 	602.15 	56.25 
141	106.26 	85.02 	3	2	91.41 	119.50 	54.63 
142	126.44 	134.48 	3	5	887.63 	916.68 	47.25 
143	91.72 	93.69 	3	1	771.79 	796.15 	49.91 
144	88.26 	96.41 	3	2	599.98 	627.57 	47.38 
145	120.30 	120.01 	3	2	98.99 	124.09 	48.28 
146	113.06 	122.01 	3	3	438.60 	463.17 	61.51 
147	125.01 	132.46 	3	1	786.14 	813.59 	62.67 
148	114.76 	89.32 	3	1	614.62 	644.97 	62.76 
149	136.32 	110.57 	3	1	797.16 	828.08 	48.13 
150	114.39 	114.77 	3	1	1066.30 	1085.19 	50.66 
151	-115.11 	8.26 	4	3	74.95 	112.38 	49.94 
152	-81.85 	7.82 	4	5	212.92 	238.36 	50.17 
153	-131.01 	17.10 	4	3	654.62 	681.28 	58.26 
154	-80.81 	-22.84 	4	1	451.71 	483.22 	62.99 
155	-126.02 	-6.85 	4	1	797.69 	827.16 	61.76 
156	-86.50 	26.77 	4	3	755.42 	777.01 	45.84 
157	-82.09 	11.02 	4	2	165.96 	204.97 	50.09 
158	-109.85 	24.20 	4	2	378.31 	408.54 	46.05 
159	-87.20 	-9.57 	4	2	357.19 	388.16 	46.99 
160	-116.58 	-26.21 	4	3	1150.57 	1175.13 	46.30 
161	-110.00 	13.84 	4	2	730.21 	757.15 	58.44 
162	-134.40 	-20.30 	4	2	323.57 	348.82 	48.45 
163	-95.01 	-27.73 	4	1	722.05 	763.73 	58.80 
164	-87.46 	-1.26 	4	3	1009.52 	1036.41 	47.19 
165	-114.06 	18.56 	4	1	296.20 	334.92 	61.44 
166	-86.57 	-29.14 	4	5	657.32 	691.76 	59.56 
167	-98.14 	5.50 	4	5	183.61 	216.71 	54.18 
168	-117.08 	-25.93 	4	1	1026.68 	1056.29 	45.38 
169	-122.23 	26.50 	4	1	578.47 	601.70 	49.69 
170	-101.79 	-8.49 	4	3	820.61 	856.20 	55.27 
171	-109.83 	19.16 	4	1	172.44 	204.61 	57.10 
172	-103.44 	25.08 	4	5	1088.90 	1113.91 	54.45 
173	-97.41 	-16.26 	4	2	461.58 	483.10 	59.50 
174	-85.60 	17.01 	4	1	1147.65 	1174.94 	57.59 
175	-109.72 	8.72 	4	2	731.38 	758.10 	56.71 
176	-85.65 	23.30 	4	3	548.84 	578.23 	54.66 
177	-107.52 	26.40 	4	2	834.47 	872.29 	59.32 
178	-114.36 	-2.96 	4	1	827.68 	858.92 	63.94 
179	-113.48 	16.87 	4	5	737.66 	762.64 	45.49 
180	-134.95 	-4.60 	4	3	721.29 	748.73 	55.79 
181	-87.63 	-0.80 	4	2	1111.77 	1134.09 	61.26 
182	-81.93 	-4.27 	4	5	557.33 	574.83 	62.68 
183	-81.92 	-22.35 	4	3	482.63 	511.99 	60.13 
184	-119.67 	28.31 	4	3	151.62 	179.76 	55.64 
185	-90.61 	-28.60 	4	1	42.63 	69.46 	61.43 
186	-128.11 	-23.44 	4	1	568.87 	589.26 	45.77 
187	-103.04 	-29.83 	4	4	1177.24 	1202.60 	57.22 
188	-88.47 	29.28 	4	1	835.23 	856.43 	63.37 
189	-97.14 	-2.35 	4	2	231.00 	241.59 	51.82 
190	-114.23 	-24.51 	4	1	1159.29 	1182.22 	52.08 
191	-88.16 	-23.77 	4	5	1185.85 	1209.70 	49.51 
192	-125.31 	20.91 	4	4	476.32 	501.97 	60.86 
193	-124.09 	-7.21 	4	1	646.26 	669.86 	47.90 
194	-99.18 	13.26 	4	5	197.06 	232.52 	57.65 
195	-120.42 	10.93 	4	3	704.90 	736.51 	61.69 
196	-135.16 	29.52 	4	5	180.13 	207.35 	49.43 
197	-85.10 	8.74 	4	3	409.19 	433.66 	56.95 
198	-94.59 	-14.90 	4	5	354.61 	365.24 	48.02 
199	-117.74 	-1.19 	4	2	660.98 	686.67 	62.09 
200	-139.50 	-1.35 	4	2	1067.93 	1092.82 	53.88 
201	100.21 	2.30 	5	2	230.65 	259.29 	54.90 
202	118.19 	-25.89 	5	3	284.83 	323.61 	53.09 
203	134.49 	-4.96 	5	3	742.33 	765.49 	53.53 
204	99.33 	-6.73 	5	1	742.92 	766.54 	48.44 
205	137.67 	28.42 	5	5	973.41 	995.61 	62.61 
206	81.60 	16.88 	5	5	520.47 	543.51 	59.11 
207	118.32 	19.25 	5	1	501.62 	529.62 	57.26 
208	113.72 	19.54 	5	3	271.41 	295.94 	55.37 
209	137.95 	12.52 	5	3	283.17 	302.77 	55.47 
210	92.92 	-14.29 	5	3	1059.44 	1080.30 	58.93 
211	132.97 	3.43 	5	2	164.65 	192.39 	58.34 
212	133.80 	-25.55 	5	1	551.82 	589.73 	57.32 
213	94.29 	6.17 	5	2	917.15 	945.77 	55.25 
214	101.06 	-9.08 	5	2	366.34 	386.28 	56.19 
215	123.33 	-13.57 	5	2	230.46 	254.94 	58.39 
216	109.13 	23.16 	5	5	1111.19 	1132.83 	46.19 
217	118.03 	-24.61 	5	1	1174.81 	1204.45 	49.80 
218	134.47 	-15.27 	5	1	1008.95 	1029.84 	57.30 
219	97.53 	-15.32 	5	5	454.78 	468.55 	62.04 
220	95.76 	-2.38 	5	1	666.43 	687.00 	63.64 
221	94.08 	-9.65 	5	5	913.85 	939.91 	50.27 
222	103.54 	-10.10 	5	1	140.83 	168.18 	46.65 
223	130.04 	-8.49 	5	4	1108.87 	1136.24 	47.46 
224	134.71 	-13.99 	5	2	335.24 	368.39 	64.89 
225	120.53 	24.18 	5	5	416.86 	447.61 	59.09 
226	123.69 	-8.75 	5	2	925.71 	949.41 	55.60 
227	93.27 	-25.69 	5	1	784.20 	804.30 	61.07 
228	80.97 	15.27 	5	4	854.10 	890.91 	54.96 
229	116.00 	-28.26 	5	5	56.09 	90.22 	54.76 
230	93.00 	-6.38 	5	1	77.58 	103.37 	48.64 
231	131.45 	-26.04 	5	2	1078.61 	1090.29 	59.15 
232	139.37 	-11.48 	5	1	927.10 	964.07 	63.89 
233	136.19 	27.24 	5	3	426.71 	459.26 	55.73 
234	134.34 	-8.86 	5	3	271.18 	293.47 	60.01 
235	115.06 	-2.77 	5	2	1010.34 	1033.02 	61.29 
236	110.27 	-0.05 	5	3	833.47 	867.28 	57.74 
237	101.57 	-15.93 	5	5	460.24 	487.05 	54.58 
238	137.56 	-1.32 	5	1	183.04 	206.61 	58.75 
239	107.62 	21.15 	5	3	354.78 	382.10 	55.05 
240	82.64 	14.84 	5	3	215.31 	235.84 	54.18 
241	126.78 	-9.34 	5	2	556.24 	585.84 	61.24 
242	108.37 	-13.64 	5	1	757.12 	785.29 	58.81 
243	118.07 	-5.62 	5	5	504.89 	528.60 	45.76 
244	82.50 	-16.67 	5	3	492.27 	509.59 	64.16 
245	86.06 	2.09 	5	4	977.61 	993.04 	53.06 
246	99.27 	-14.66 	5	3	570.30 	599.59 	51.09 
247	123.95 	18.63 	5	5	471.86 	495.18 	47.17 
248	95.39 	8.87 	5	1	213.45 	244.75 	51.88 
249	125.05 	23.77 	5	2	263.05 	284.85 	50.60 
250	89.09 	-14.76 	5	2	431.60 	457.20 	48.53 
251	-131.32 	-100.44 	6	5	650.70 	681.75 	49.48 
252	-91.31 	-135.05 	6	2	1017.35 	1049.62 	54.34 
253	-100.11 	-130.51 	6	1	738.63 	762.00 	61.96 
254	-104.31 	-126.76 	6	2	867.49 	892.88 	64.36 
255	-138.50 	-121.98 	6	3	689.47 	724.90 	47.76 
256	-100.26 	-120.18 	6	1	559.60 	587.69 	61.61 
257	-101.04 	-124.49 	6	1	503.89 	523.68 	46.19 
258	-95.79 	-110.95 	6	5	524.32 	545.67 	49.28 
259	-115.38 	-122.22 	6	5	259.26 	287.23 	61.05 
260	-123.69 	-131.97 	6	1	351.55 	378.89 	54.63 
261	-105.03 	-130.07 	6	3	736.31 	758.96 	52.38 
262	-89.98 	-136.21 	6	3	441.54 	459.59 	61.76 
263	-128.29 	-91.29 	6	2	1003.31 	1028.22 	54.09 
264	-107.95 	-113.56 	6	3	423.78 	454.33 	48.00 
265	-92.77 	-89.70 	6	5	1089.00 	1112.76 	54.26 
266	-111.25 	-123.15 	6	1	859.49 	878.20 	62.34 
267	-116.96 	-134.45 	6	1	1048.94 	1078.85 	45.51 
268	-134.03 	-85.41 	6	2	855.67 	877.97 	51.32 
269	-86.03 	-103.21 	6	2	776.85 	797.80 	46.53 
270	-116.70 	-88.99 	6	3	1094.72 	1123.46 	60.44 
271	-82.25 	-104.10 	6	4	589.96 	611.09 	48.74 
272	-112.36 	-86.23 	6	3	205.31 	231.93 	58.14 
273	-93.26 	-118.98 	6	2	110.23 	137.67 	60.96 
274	-139.19 	-111.81 	6	5	719.62 	749.52 	52.74 
275	-134.40 	-107.39 	6	2	34.37 	67.07 	57.58 
276	-103.32 	-114.40 	6	1	491.33 	516.43 	61.09 
277	-105.87 	-89.89 	6	1	709.77 	744.81 	48.26 
278	-119.30 	-130.84 	6	3	863.00 	880.66 	64.34 
279	-98.51 	-88.69 	6	2	709.14 	739.04 	63.18 
280	-83.51 	-83.29 	6	5	181.87 	207.32 	57.34 
281	-122.36 	-139.90 	6	3	1022.77 	1049.89 	49.14 
282	-107.22 	-109.11 	6	4	1130.96 	1153.76 	47.56 
283	-119.10 	-124.74 	6	1	933.34 	953.22 	61.74 
284	-81.25 	-90.54 	6	1	162.65 	191.34 	52.36 
285	-120.34 	-129.69 	6	2	56.83 	89.04 	53.08 
286	-91.83 	-139.22 	6	3	703.64 	729.67 	55.62 
287	-131.32 	-91.40 	6	5	864.78 	883.43 	56.18 
288	-104.99 	-121.17 	6	3	898.86 	914.95 	50.78 
289	-96.87 	-80.46 	6	3	436.80 	461.51 	45.94 
290	-96.27 	-90.92 	6	1	577.89 	612.60 	52.18 
291	-91.36 	-114.05 	6	2	942.78 	969.32 	55.84 
292	-85.82 	-100.47 	6	2	410.20 	438.48 	50.78 
293	-118.05 	-94.31 	6	4	658.73 	682.84 	48.18 
294	-84.24 	-138.05 	6	2	1007.22 	1025.48 	64.14 
295	-127.31 	-106.69 	6	5	767.03 	794.84 	64.85 
296	-98.69 	-125.25 	6	5	822.61 	848.60 	58.60 
297	-81.77 	-125.47 	6	3	47.72 	62.76 	47.28 
298	-91.54 	-124.92 	6	5	502.23 	528.96 	58.49 
299	-83.77 	-137.45 	6	1	122.22 	151.73 	64.46 
300	-98.95 	-124.11 	6	1	364.15 	384.24 	54.85 
301	-29.79 	-90.13 	7	5	903.64 	922.23 	64.48 
302	13.62 	-91.97 	7	2	154.28 	179.59 	62.98 
303	-21.29 	-134.50 	7	2	46.71 	72.65 	45.79 
304	-16.46 	-123.53 	7	2	407.49 	437.25 	58.87 
305	8.72 	-103.80 	7	1	412.56 	431.86 	53.03 
306	-10.57 	-118.89 	7	5	593.94 	619.21 	60.01 
307	-6.37 	-132.53 	7	3	1002.88 	1030.84 	49.37 
308	15.47 	-117.18 	7	5	766.77 	791.84 	52.44 
309	-15.00 	-113.63 	7	3	768.87 	791.84 	54.12 
310	-8.46 	-94.28 	7	1	715.43 	740.44 	62.29 
311	-26.86 	-131.70 	7	2	227.61 	248.40 	59.95 
312	-20.70 	-119.39 	7	2	1167.81 	1191.66 	64.59 
313	-8.91 	-102.96 	7	3	774.27 	795.80 	64.79 
314	11.95 	-98.79 	7	4	917.80 	943.86 	53.89 
315	-6.44 	-107.24 	7	1	194.33 	217.98 	54.55 
316	-7.21 	-122.20 	7	3	158.49 	187.53 	61.67 
317	9.17 	-125.39 	7	1	98.98 	111.77 	45.35 
318	-10.71 	-113.43 	7	5	502.98 	528.29 	58.16 
319	20.73 	-91.97 	7	2	596.94 	630.80 	53.18 
320	-2.44 	-101.36 	7	3	449.09 	478.01 	63.33 
321	15.25 	-94.09 	7	2	887.52 	911.94 	57.21 
322	17.46 	-101.02 	7	5	1124.14 	1151.40 	54.39 
323	2.80 	-83.55 	7	5	498.87 	527.40 	50.96 
324	28.33 	-136.32 	7	3	435.24 	466.63 	59.68 
325	27.22 	-100.55 	7	1	332.97 	354.48 	56.08 
326	21.89 	-101.53 	7	5	801.30 	827.71 	52.24 
327	-5.56 	-106.39 	7	2	63.09 	89.37 	48.13 
328	-9.67 	-137.78 	7	5	695.80 	721.50 	63.13 
329	25.89 	-106.57 	7	5	430.93 	454.29 	47.28 
330	-0.33 	-118.08 	7	2	628.51 	661.74 	62.42 
331	-4.31 	-89.61 	7	1	1095.40 	1129.40 	49.49 
332	-19.96 	-85.78 	7	3	1081.75 	1109.76 	50.50 
333	22.58 	-85.23 	7	5	1072.04 	1097.54 	56.29 
334	-3.05 	-80.18 	7	1	901.10 	930.46 	53.09 
335	-23.79 	-113.15 	7	3	729.83 	755.63 	55.05 
336	-29.44 	-105.22 	7	4	387.75 	414.26 	48.39 
337	28.32 	-93.12 	7	3	849.68 	869.90 	56.13 
338	-27.12 	-122.25 	7	1	727.47 	750.85 	50.07 
339	-9.49 	-131.75 	7	1	741.25 	763.52 	48.81 
340	5.10 	-102.54 	7	3	265.85 	285.45 	56.79 
341	25.13 	-112.39 	7	2	131.56 	160.74 	62.40 
342	27.52 	-100.47 	7	1	277.91 	295.66 	53.41 
343	17.66 	-121.18 	7	1	502.08 	519.89 	48.14 
344	-8.65 	-111.46 	7	4	402.72 	431.33 	45.57 
345	-12.01 	-95.56 	7	3	1177.52 	1200.03 	51.21 
346	-12.01 	-128.12 	7	3	1096.31 	1111.20 	52.98 
347	29.17 	-98.59 	7	1	673.66 	701.56 	61.73 
348	0.34 	-87.37 	7	2	885.92 	922.47 	48.20 
349	-6.95 	-125.36 	7	2	236.13 	257.60 	47.10 
350	23.67 	-138.90 	7	1	123.22 	156.11 	53.71 
351	127.04 	-90.97 	8	3	516.00 	544.77 	54.83 
352	112.99 	-97.74 	8	1	572.09 	599.10 	53.20 
353	123.94 	-120.41 	8	1	745.63 	779.48 	52.23 
354	126.59 	-114.67 	8	5	641.33 	667.16 	64.04 
355	94.20 	-97.23 	8	2	335.92 	358.34 	61.17 
356	125.83 	-122.24 	8	2	309.94 	347.47 	47.35 
357	123.85 	-121.16 	8	2	1149.62 	1175.61 	49.00 
358	114.62 	-89.82 	8	2	599.76 	629.09 	52.78 
359	136.85 	-104.60 	8	4	338.50 	367.76 	62.24 
360	97.54 	-138.51 	8	1	648.01 	674.51 	62.80 
361	135.54 	-109.68 	8	3	215.75 	250.76 	58.70 
362	90.03 	-113.39 	8	5	680.17 	703.61 	59.29 
363	137.87 	-109.80 	8	1	78.95 	105.87 	52.59 
364	106.41 	-89.94 	8	5	874.80 	897.53 	53.60 
365	124.79 	-105.44 	8	1	952.32 	971.38 	57.65 
366	124.43 	-83.58 	8	1	661.43 	685.92 	59.49 
367	82.83 	-81.28 	8	5	358.15 	380.74 	54.62 
368	138.76 	-122.66 	8	2	831.23 	854.94 	47.70 
369	107.56 	-137.41 	8	1	1082.82 	1109.11 	48.03 
370	106.56 	-85.16 	8	5	649.87 	674.93 	53.80 
371	133.00 	-88.60 	8	2	36.27 	65.76 	51.10 
372	129.64 	-124.91 	8	2	992.71 	1021.64 	63.35 
373	84.33 	-132.57 	8	5	109.51 	156.38 	58.07 
374	130.18 	-117.58 	8	3	369.21 	398.72 	57.41 
375	91.52 	-135.71 	8	3	1108.23 	1138.16 	58.70 
376	82.13 	-91.60 	8	2	190.06 	215.30 	57.67 
377	133.14 	-107.04 	8	1	161.61 	182.73 	50.86 
378	135.56 	-108.78 	8	4	542.53 	562.62 	51.35 
379	99.24 	-125.12 	8	1	1083.67 	1106.99 	46.33 
380	97.33 	-126.55 	8	2	369.55 	401.05 	50.11 
381	117.38 	-115.15 	8	1	547.12 	565.91 	61.81 
382	116.38 	-80.77 	8	4	971.75 	998.56 	64.95 
383	129.09 	-89.88 	8	3	680.97 	703.39 	45.02 
384	135.19 	-132.49 	8	3	575.11 	599.44 	61.92 
385	100.83 	-138.57 	8	3	840.89 	865.93 	51.99 
386	108.58 	-96.58 	8	5	1134.35 	1161.71 	49.18 
387	95.04 	-121.00 	8	2	523.17 	552.84 	45.86 
388	111.78 	-101.41 	8	3	448.54 	475.26 	59.48 
389	97.54 	-108.76 	8	5	512.19 	527.36 	61.07 
390	80.22 	-122.03 	8	1	186.18 	209.57 	64.98 
391	134.44 	-114.86 	8	1	287.69 	312.73 	47.76 
392	93.18 	-131.46 	8	5	675.08 	696.75 	58.68 
393	103.10 	-112.21 	8	1	835.67 	860.45 	47.03 
394	81.77 	-86.80 	8	2	423.58 	446.35 	45.99 
395	104.86 	-101.65 	8	3	580.42 	609.76 	46.40 
396	81.71 	-112.36 	8	2	250.25 	268.03 	62.12 
397	88.77 	-81.32 	8	5	344.18 	373.61 	57.55 
398	138.50 	-110.46 	8	3	826.49 	851.11 	63.84 
399	137.60 	-106.65 	8	3	404.95 	426.70 	47.74 
400	122.98 	-122.76 	8	3	998.36 	1020.90 	63.84 
