24           5              4              1                2             28


1	1	2	0	1200	400	600	30
2	1	3	0	1200	400	600	30
3	2	1	0	1200	400	600	30
4	2	3	0	1200	400	600	30
5	0	5	0	1200	400	600	30


1             33 	-33        1              
2             33 	-33        1             
3             -33 	 33        2              
4             -33 	 33        2             

1	45.63 	-27.58 	1	2	1132.92 	1163.04 	59.25 
2	24.45 	-53.44 	1	5	1031.12 	1064.41 	57.74 
3	18.52 	-65.77 	1	4	572.78 	593.85 	59.10 
4	28.94 	-4.29 	1	1	205.63 	221.70 	56.05 
5	24.23 	-21.27 	1	1	344.11 	369.55 	47.62 
6	65.58 	-11.08 	1	2	584.94 	619.33 	53.54 
7	5.80 	-4.10 	1	1	659.45 	687.06 	62.24 
8	28.26 	-32.53 	1	3	679.38 	702.30 	47.50 
9	39.74 	-28.78 	1	2	409.58 	429.58 	63.94 
10	23.53 	-11.01 	1	3	586.55 	617.41 	52.71 
11	58.13 	-23.73 	1	3	519.37 	537.24 	57.70 
12	42.72 	-13.17 	1	5	52.87 	82.98 	60.24 
13	-52.72 	45.57 	2	4	1142.66 	1172.63 	57.94 
14	-45.83 	14.48 	2	1	521.12 	548.65 	53.68 
15	-38.82 	60.82 	2	3	916.33 	941.60 	62.17 
16	-15.54 	41.34 	2	3	384.38 	419.50 	58.95 
17	-20.14 	20.67 	2	1	856.65 	881.17 	45.56 
18	-30.25 	54.04 	2	5	839.13 	870.31 	49.60 
19	-53.36 	30.91 	2	2	179.87 	210.92 	51.05 
20	-38.85 	52.67 	2	1	237.95 	267.92 	64.27 
21	-36.51 	62.80 	2	2	901.64 	933.45 	60.76 
22	-57.53 	43.28 	2	3	932.05 	970.64 	54.27 
23	-9.96 	26.69 	2	5	129.87 	168.01 	62.62 
24	-35.29 	11.95 	2	2	533.24 	556.76 	46.73 
