12           3           2         1          2         16


1	1	2	0	1200	400	600	30
2	2	2	0	1200	400	600	30
3	0	5	0	1200	400	600	30

1	33 	-33 	1	
2	33 	-33 	1	
3	-33 	33 	2	
4	-33	33 	2	

1	33.96 	-31.40 	1	5	296.60 	321.97 	64.34 
2	26.34 	-52.21 	1	2	593.66 	620.75 	61.58 
3	63.22 	-65.42 	1	1	530.33 	560.35 	53.57 
4	49.92 	-14.29 	1	2	120.46 	140.39 	56.19 
5	56.81 	-18.59 	1	4	1102.31 	1139.46 	50.29 
6	50.06 	-23.69 	1	1	521.22 	537.87 	60.10 
7	-14.19 	30.68 	2	2	154.45 	165.01 	58.55 
8	-60.26 	21.13 	2	2	799.51 	827.17 	58.91 
9	-58.26 	46.66 	2	5	296.17 	325.52 	55.06 
10	-30.41 	19.07 	2	1	363.25 	389.33 	62.35 
11	-12.53 	7.21 	2	1	658.19 	670.19 	47.32 
12	-0.82 	64.56 	2	1	498.42 	522.71 	63.41 
