200           32              24              8               8             216


1	1	2	0	1200	400	600	30
2	1	2	0	1200	400	600	30
3	1	3	0	1200	400	600	30
4	2	2	0	1200	400	600	30
5	2	2	0	1200	400	600	30
6	2	3	0	1200	400	600	30
7	3	1	0	1200	400	600	30
8	3	2	0	1200	400	600	30
9	3	3	0	1200	400	600	30
10	4	2	0	1200	400	600	30
11	4	2	0	1200	400	600	30
12	4	3	0	1200	400	600	30
13	5	2	0	1200	400	600	30
14	5	2	0	1200	400	600	30
15	5	3	0	1200	400	600	30
16	6	1	0	1200	400	600	30
17	6	2	0	1200	400	600	30
18	6	3	0	1200	400	600	30
19	7	2	0	1200	400	600	30
20	7	2	0	1200	400	600	30
21	7	3	0	1200	400	600	30
22	8	2	0	1200	400	600	30
23	8	2	0	1200	400	600	30
24	8	3	0	1200	400	600	30
25	0	5	0	1200	400	600	30
26	0	5	0	1200	400	600	30
27	0	5	0	1200	400	600	30
28	0	5	0	1200	400	600	30
29	0	5	0	1200	400	600	30
30	0	5	0	1200	400	600	30
31	0	5	0	1200	400	600	30
32	0	5	0	1200	400	600	30


1              -8.01 	-6.74          1              
2              -8.01 	-6.74          1            
3               7.87 	5.08          2              
4               7.87 	5.08          2             
5               10.48 	-14.52          3              
6               10.48 	-14.52          3             
7               25.25 	17.55          4              
8               25.25 	17.55           4             
9               26.33 	-2.58          5              
10             26.33 	-2.58          5             
11             42.24 	29.02          6              
12             42.24 	29.02         6             
13             43.25 	10.24         7             
14             43.25 	10.24         7            
15             58.16 	40.46           8              
16             58.16 	40.46           8             


1	-5.65 	-8.07 	1	1	474.86 	508.34 	63.98 
2	-8.71 	-12.73 	1	2	942.03 	977.33 	57.38 
3	-9.86 	-6.67 	1	3	835.75 	855.36 	63.89 
4	-10.08 	-11.48 	1	1	384.66 	407.07 	56.47 
5	-7.49 	-7.67 	1	1	209.97 	228.61 	54.05 
6	-11.98 	-4.54 	1	3	591.92 	609.18 	45.54 
7	-4.12 	-5.42 	1	4	192.00 	222.68 	54.20 
8	-5.06 	-5.81 	1	4	906.47 	937.75 	61.59 
9	-9.22 	-2.89 	1	2	950.77 	976.10 	50.53 
10	-7.08 	-4.91 	1	1	1096.97 	1137.62 	48.00 
11	-3.16 	-1.21 	1	1	398.92 	430.13 	57.66 
12	-7.00 	-9.01 	1	3	1097.01 	1130.56 	64.01 
13	-5.13 	-9.41 	1	2	1151.53 	1175.00 	49.95 
14	-10.67 	-4.86 	1	5	232.22 	250.66 	57.76 
15	-8.57 	-3.43 	1	1	430.69 	445.48 	63.10 
16	-10.64 	-8.93 	1	4	908.85 	919.40 	53.59 
17	-11.55 	-9.34 	1	1	497.48 	526.69 	59.78 
18	-9.72 	-6.11 	1	3	62.79 	92.77 	57.07 
19	-11.16 	-9.37 	1	2	115.49 	145.74 	50.55 
20	-10.05 	-8.19 	1	4	508.38 	536.85 	53.09 
21	-12.03 	-7.86 	1	2	138.99 	177.25 	49.00 
22	-0.29 	-0.89 	1	2	789.70 	811.98 	63.52 
23	-2.46 	-5.79 	1	3	229.75 	256.39 	51.50 
24	-10.54 	-9.51 	1	5	481.48 	501.40 	56.29 
25	-7.93 	-4.29 	1	3	466.95 	493.90 	53.98 
26	8.04 	1.23 	2	2	206.47 	234.19 	55.11 
27	7.94 	4.89 	2	4	126.58 	154.83 	64.13 
28	8.01 	7.54 	2	3	380.42 	409.38 	55.82 
29	14.74 	0.34 	2	3	251.95 	271.26 	45.82 
30	2.23 	8.71 	2	2	561.30 	595.04 	58.98 
31	9.13 	0.55 	2	4	864.01 	889.53 	50.86 
32	10.86 	6.23 	2	3	997.18 	1019.19 	46.90 
33	4.14 	7.53 	2	3	635.59 	661.46 	63.55 
34	9.50 	3.93 	2	2	857.98 	884.87 	45.63 
35	11.81 	4.92 	2	4	549.42 	573.10 	57.70 
36	6.90 	7.75 	2	4	592.48 	615.69 	49.85 
37	7.94 	5.81 	2	1	493.90 	526.08 	46.04 
38	6.90 	7.66 	2	1	186.08 	214.28 	51.34 
39	6.84 	6.81 	2	2	1007.37 	1030.34 	63.70 
40	5.85 	-1.75 	2	1	210.47 	241.48 	56.20 
41	7.92 	7.35 	2	5	502.61 	529.11 	50.93 
42	6.18 	5.38 	2	1	374.66 	411.46 	60.58 
43	7.87 	3.05 	2	3	664.02 	699.35 	45.45 
44	7.62 	5.86 	2	2	589.46 	623.14 	62.87 
45	9.85 	6.22 	2	1	100.79 	135.34 	58.74 
46	11.00 	5.57 	2	2	960.94 	982.37 	47.05 
47	7.33 	7.19 	2	1	321.33 	347.07 	54.19 
48	3.45 	4.76 	2	1	916.13 	944.71 	49.62 
49	8.81 	5.18 	2	3	1154.54 	1169.41 	63.19 
50	5.84 	4.42 	2	4	422.47 	445.19 	47.86 
51	12.51 	-14.64 	3	4	876.17 	895.28 	51.24 
52	2.14 	-7.31 	3	2	198.54 	217.55 	57.47 
53	16.32 	-17.74 	3	2	770.10 	801.48 	50.15 
54	13.16 	-14.45 	3	1	1056.04 	1086.03 	56.58 
55	13.29 	-13.67 	3	1	722.95 	751.57 	45.63 
56	11.50 	-14.59 	3	3	661.14 	684.00 	52.77 
57	15.00 	-18.16 	3	3	811.73 	836.58 	52.39 
58	8.19 	-14.17 	3	3	730.94 	756.84 	51.41 
59	7.75 	-14.91 	3	3	209.59 	239.05 	58.27 
60	8.68 	-13.24 	3	1	38.15 	63.99 	48.41 
61	10.80 	-14.91 	3	2	342.05 	361.20 	58.57 
62	11.56 	-18.17 	3	1	95.19 	121.31 	51.09 
63	12.10 	-15.70 	3	1	636.79 	658.53 	64.18 
64	10.11 	-16.60 	3	4	414.53 	435.92 	60.36 
65	7.53 	-16.33 	3	4	999.64 	1024.40 	61.62 
66	10.89 	-11.45 	3	3	1008.41 	1034.51 	55.31 
67	10.70 	-17.28 	3	5	1078.42 	1122.25 	59.82 
68	10.77 	-12.66 	3	1	1179.85 	1202.69 	45.07 
69	13.56 	-12.64 	3	2	94.62 	121.30 	57.29 
70	12.27 	-16.75 	3	5	843.79 	868.12 	59.66 
71	9.31 	-14.81 	3	2	337.30 	349.01 	45.06 
72	7.77 	-11.15 	3	1	254.32 	279.35 	50.87 
73	9.54 	-11.91 	3	3	899.67 	920.43 	49.48 
74	8.64 	-15.08 	3	4	154.61 	170.70 	46.45 
75	8.04 	-14.76 	3	2	1179.09 	1194.04 	50.17 
76	25.13 	20.29 	4	4	938.03 	973.54 	61.69 
77	23.38 	15.89 	4	5	269.83 	294.14 	51.52 
78	26.18 	17.07 	4	2	84.05 	113.45 	46.59 
79	24.78 	18.59 	4	2	1068.97 	1098.01 	51.76 
80	26.34 	16.19 	4	3	939.35 	963.54 	61.35 
81	20.97 	15.85 	4	3	873.42 	910.11 	48.57 
82	28.04 	18.23 	4	3	869.77 	885.37 	56.52 
83	25.54 	19.90 	4	1	1050.21 	1078.69 	48.93 
84	26.45 	18.48 	4	1	108.38 	131.35 	46.22 
85	28.87 	19.02 	4	1	518.04 	552.30 	50.06 
86	27.05 	18.64 	4	3	324.42 	349.93 	46.51 
87	23.24 	16.15 	4	4	498.57 	526.17 	62.54 
88	23.32 	16.89 	4	4	195.74 	219.76 	57.67 
89	28.69 	17.01 	4	3	866.89 	901.75 	56.55 
90	21.79 	19.05 	4	4	460.20 	485.25 	47.56 
91	24.10 	17.70 	4	1	186.00 	205.33 	46.95 
92	27.72 	19.14 	4	2	669.15 	695.38 	64.90 
93	26.12 	19.74 	4	2	147.66 	179.46 	64.66 
94	25.74 	17.25 	4	2	157.82 	184.62 	54.28 
95	25.08 	13.78 	4	1	661.96 	690.43 	55.67 
96	24.89 	17.03 	4	4	142.07 	169.37 	59.40 
97	25.46 	15.48 	4	1	790.16 	818.03 	58.09 
98	26.52 	17.47 	4	2	591.10 	616.06 	45.31 
99	23.85 	17.79 	4	3	581.80 	603.62 	61.49 
100	22.05 	16.17 	4	1	851.41 	881.58 	57.23 
101	23.39 	-2.88 	5	2	445.19 	476.41 	48.85 
102	26.86 	-4.12 	5	5	106.13 	145.08 	46.70 
103	25.40 	-9.76 	5	1	486.18 	513.96 	50.51 
104	25.75 	4.33 	5	1	477.50 	508.29 	50.79 
105	30.27 	1.32 	5	3	373.50 	399.74 	53.95 
106	25.33 	-3.27 	5	3	785.29 	816.31 	46.94 
107	28.59 	-4.17 	5	1	1134.17 	1167.66 	55.60 
108	24.65 	-0.82 	5	4	503.70 	540.17 	45.85 
109	26.47 	-4.00 	5	1	205.00 	237.18 	53.27 
110	22.07 	-4.16 	5	1	857.82 	887.13 	49.22 
111	28.87 	-3.58 	5	2	502.32 	532.73 	59.53 
112	24.76 	-7.36 	5	2	87.16 	107.36 	52.05 
113	29.85 	7.17 	5	3	1150.70 	1175.66 	62.44 
114	25.17 	2.59 	5	3	1034.00 	1064.59 	47.44 
115	29.23 	-7.00 	5	2	191.25 	216.27 	48.62 
116	24.73 	-2.85 	5	1	551.24 	569.43 	61.98 
117	28.23 	1.92 	5	4	651.80 	663.52 	45.73 
118	24.17 	-11.28 	5	5	306.55 	328.40 	51.52 
119	25.01 	-9.83 	5	4	817.64 	847.13 	58.73 
120	25.26 	-4.20 	5	3	1080.66 	1111.38 	48.19 
121	26.65 	3.53 	5	2	779.23 	799.56 	45.32 
122	27.66 	-1.68 	5	1	930.06 	961.28 	53.94 
123	20.99 	-6.59 	5	2	1112.26 	1136.20 	61.28 
124	31.02 	-0.18 	5	3	882.69 	901.21 	63.10 
125	27.94 	2.36 	5	4	845.51 	880.61 	46.96 
126	38.91 	27.60 	6	2	390.45 	416.00 	61.22 
127	44.96 	26.84 	6	4	976.47 	1002.81 	61.27 
128	45.95 	26.08 	6	4	495.08 	521.16 	59.97 
129	43.27 	25.73 	6	1	143.42 	172.74 	48.27 
130	42.04 	31.30 	6	2	222.53 	251.29 	47.26 
131	44.13 	32.65 	6	1	547.18 	576.08 	47.71 
132	40.93 	29.19 	6	1	587.61 	621.47 	55.14 
133	43.02 	28.89 	6	2	307.44 	329.21 	62.70 
134	42.58 	31.51 	6	4	311.39 	333.97 	62.40 
135	44.54 	22.16 	6	1	101.73 	135.16 	53.39 
136	41.78 	30.01 	6	3	545.20 	575.24 	46.53 
137	37.98 	30.81 	6	3	861.64 	886.65 	59.25 
138	47.19 	31.26 	6	1	626.72 	655.02 	54.76 
139	40.54 	30.27 	6	3	65.38 	86.52 	54.98 
140	38.77 	30.50 	6	4	508.43 	534.28 	54.74 
141	36.51 	28.52 	6	3	914.62 	931.65 	60.33 
142	40.76 	28.57 	6	4	941.95 	960.81 	63.29 
143	41.58 	24.63 	6	5	84.74 	120.25 	54.85 
144	41.52 	31.09 	6	4	953.20 	984.95 	46.22 
145	38.55 	26.60 	6	1	905.73 	921.12 	50.33 
146	48.03 	35.23 	6	2	1058.74 	1089.05 	51.40 
147	45.13 	29.58 	6	3	63.34 	101.13 	47.30 
148	47.18 	31.44 	6	2	891.64 	916.48 	46.75 
149	38.81 	25.44 	6	2	438.95 	458.45 	55.58 
150	41.23 	29.59 	6	3	883.42 	913.13 	56.66 
151	42.64 	12.63 	7	1	507.70 	531.41 	48.95 
152	43.13 	11.83 	7	1	214.87 	246.20 	47.88 
153	42.91 	11.16 	7	2	833.79 	857.20 	55.78 
154	44.05 	10.99 	7	1	705.85 	731.97 	63.61 
155	48.22 	11.44 	7	4	549.37 	581.62 	60.28 
156	44.64 	15.75 	7	1	521.52 	540.06 	48.11 
157	44.38 	12.54 	7	2	367.53 	399.67 	57.99 
158	42.70 	11.56 	7	1	250.36 	273.58 	53.53 
159	40.55 	7.69 	7	3	574.56 	602.15 	57.17 
160	41.84 	11.89 	7	5	299.66 	330.31 	46.34 
161	41.84 	9.56 	7	3	1021.76 	1048.92 	52.27 
162	44.82 	13.21 	7	3	57.89 	78.12 	50.79 
163	42.91 	7.51 	7	4	515.20 	540.20 	60.58 
164	44.59 	3.64 	7	2	190.86 	215.59 	55.33 
165	45.94 	12.98 	7	4	591.11 	612.90 	64.12 
166	45.41 	9.71 	7	2	837.63 	862.27 	47.20 
167	43.43 	9.90 	7	3	169.26 	190.76 	61.56 
168	41.94 	9.85 	7	5	296.80 	332.22 	61.70 
169	41.98 	7.07 	7	4	1104.17 	1118.90 	63.51 
170	40.34 	11.91 	7	3	937.21 	960.76 	60.48 
171	40.76 	5.02 	7	1	96.72 	113.12 	51.00 
172	45.65 	8.15 	7	1	932.95 	960.92 	45.45 
173	43.16 	7.84 	7	3	486.27 	516.98 	46.09 
174	43.10 	9.80 	7	2	1048.46 	1073.99 	60.10 
175	40.26 	12.36 	7	2	495.89 	519.50 	63.49 
176	56.93 	38.45 	8	2	597.66 	619.17 	64.97 
177	56.99 	37.68 	8	1	348.39 	379.76 	46.98 
178	57.47 	41.73 	8	1	1011.93 	1034.28 	64.82 
179	54.64 	42.64 	8	4	958.46 	990.18 	45.04 
180	56.48 	39.76 	8	2	363.07 	390.85 	45.89 
181	60.08 	42.11 	8	3	549.51 	581.46 	56.91 
182	59.93 	45.61 	8	2	973.79 	1002.97 	45.30 
183	59.57 	35.63 	8	2	293.55 	320.81 	61.11 
184	60.02 	35.85 	8	4	146.90 	181.51 	47.59 
185	58.91 	43.16 	8	2	825.99 	856.28 	64.94 
186	56.99 	38.83 	8	3	1165.59 	1184.75 	55.52 
187	57.19 	44.51 	8	2	247.52 	272.82 	60.85 
188	57.80 	45.21 	8	1	397.79 	428.04 	58.00 
189	61.22 	41.76 	8	1	541.76 	560.41 	59.62 
190	55.37 	39.31 	8	4	116.42 	145.30 	54.46 
191	53.72 	40.82 	8	4	255.65 	281.12 	62.74 
192	55.63 	39.96 	8	1	134.26 	164.49 	45.87 
193	62.89 	41.36 	8	3	316.09 	338.06 	55.05 
194	60.01 	39.82 	8	3	418.00 	448.30 	59.19 
195	57.98 	44.50 	8	3	100.01 	132.85 	58.49 
196	57.37 	37.50 	8	1	169.20 	186.04 	58.61 
197	60.07 	39.71 	8	3	713.15 	745.79 	51.19 
198	57.37 	39.86 	8	4	652.39 	676.37 	54.62 
199	60.35 	37.99 	8	5	923.48 	946.55 	62.03 
200	58.93 	37.73 	8	4	458.75 	488.48 	63.68 
