200           32              24              8               8             216


1	1	2	0	1200	400	600	30
2	1	2	0	1200	400	600	30
3	1	3	0	1200	400	600	30
4	2	2	0	1200	400	600	30
5	2	2	0	1200	400	600	30
6	2	3	0	1200	400	600	30
7	3	1	0	1200	400	600	30
8	3	2	0	1200	400	600	30
9	3	3	0	1200	400	600	30
10	4	2	0	1200	400	600	30
11	4	2	0	1200	400	600	30
12	4	3	0	1200	400	600	30
13	5	2	0	1200	400	600	30
14	5	2	0	1200	400	600	30
15	5	3	0	1200	400	600	30
16	6	1	0	1200	400	600	30
17	6	2	0	1200	400	600	30
18	6	3	0	1200	400	600	30
19	7	2	0	1200	400	600	30
20	7	2	0	1200	400	600	30
21	7	3	0	1200	400	600	30
22	8	2	0	1200	400	600	30
23	8	2	0	1200	400	600	30
24	8	3	0	1200	400	600	30
25	0	5	0	1200	400	600	30
26	0	5	0	1200	400	600	30
27	0	5	0	1200	400	600	30
28	0	5	0	1200	400	600	30
29	0	5	0	1200	400	600	30
30	0	5	0	1200	400	600	30
31	0	5	0	1200	400	600	30
32	0	5	0	1200	400	600	30


1              -110 	110         1              
2              -110 	110         1             
3                0 	110         2              
4                0 	110         2             
5               110          110         3              
6               110          110         3             
7              -110            0          4              
8              -110            0          4             
9               110 	   0         5              
10             110 	   0         5             
11            -110 	-110         6              
12            -110 	-110         6             
13               0          -110         7              
14               0          -110         7            
15              110       -110          8              
16              110       -110          8             


1	-112.27 	102.92 	1	2	948.62 	969.36 	58.57 
2	-88.64 	99.81 	1	2	314.95 	348.55 	47.65 
3	-130.75 	129.95 	1	5	203.17 	230.39 	58.29 
4	-120.74 	111.91 	1	2	270.32 	289.26 	58.92 
5	-83.87 	112.90 	1	1	382.30 	415.40 	53.31 
6	-84.47 	132.77 	1	1	867.00 	892.00 	61.44 
7	-130.45 	103.87 	1	1	644.51 	685.16 	50.08 
8	-139.50 	115.08 	1	2	352.48 	386.99 	53.64 
9	-88.82 	111.03 	1	4	519.65 	544.03 	63.92 
10	-86.60 	115.85 	1	1	991.19 	1016.97 	52.04 
11	-85.05 	121.43 	1	1	298.65 	318.69 	54.96 
12	-96.83 	91.90 	1	4	128.50 	161.58 	49.27 
13	-86.67 	103.25 	1	1	367.58 	403.43 	61.63 
14	-139.83 	126.84 	1	5	451.58 	461.97 	50.43 
15	-102.57 	90.06 	1	4	898.63 	921.50 	60.27 
16	-97.43 	131.62 	1	3	866.94 	892.26 	56.95 
17	-101.40 	118.65 	1	3	97.65 	132.48 	54.20 
18	-124.22 	108.69 	1	3	172.44 	202.50 	50.64 
19	-89.99 	95.72 	1	3	994.53 	1023.03 	61.96 
20	-131.21 	85.59 	1	3	791.91 	825.92 	46.59 
21	-118.83 	96.29 	1	4	582.83 	604.51 	64.72 
22	-99.10 	130.61 	1	2	1082.13 	1101.95 	48.69 
23	-123.08 	99.82 	1	1	351.46 	379.44 	48.25 
24	-125.34 	122.85 	1	2	947.30 	977.14 	60.34 
25	-94.10 	110.67 	1	3	174.83 	189.17 	49.94 
26	17.95 	96.31 	2	3	468.39 	490.85 	54.64 
27	18.65 	102.93 	2	4	1069.37 	1102.19 	59.50 
28	-17.49 	129.27 	2	2	652.11 	676.76 	60.16 
29	-25.09 	113.99 	2	1	488.13 	509.45 	52.60 
30	-0.05 	139.70 	2	3	122.26 	139.85 	59.54 
31	-29.15 	118.91 	2	1	926.55 	938.34 	48.50 
32	-2.00 	119.15 	2	1	548.25 	564.62 	61.23 
33	-0.96 	132.08 	2	2	91.10 	125.94 	58.96 
34	-15.81 	80.38 	2	3	734.40 	760.99 	64.31 
35	-1.04 	100.78 	2	1	1038.80 	1065.00 	52.53 
36	-29.43 	118.22 	2	3	565.43 	592.44 	55.48 
37	8.77 	138.22 	2	4	678.02 	700.03 	63.26 
38	2.80 	93.00 	2	2	1056.21 	1082.84 	48.75 
39	-17.60 	81.80 	2	5	1032.30 	1064.50 	45.76 
40	15.92 	83.44 	2	4	656.24 	681.39 	54.02 
41	29.71 	137.20 	2	1	718.77 	744.12 	58.53 
42	16.66 	102.00 	2	2	400.90 	422.43 	51.98 
43	28.78 	106.20 	2	1	302.58 	327.61 	47.15 
44	28.14 	113.14 	2	3	1018.99 	1051.85 	62.28 
45	-3.00 	80.48 	2	5	1044.76 	1062.92 	62.98 
46	15.68 	123.04 	2	3	534.11 	552.87 	55.24 
47	-12.72 	128.14 	2	2	478.78 	502.83 	51.81 
48	0.55 	131.17 	2	4	852.67 	876.47 	63.19 
49	-10.93 	135.17 	2	1	914.56 	940.79 	61.85 
50	-11.62 	123.59 	2	2	698.51 	721.90 	62.28 
51	89.01 	81.04 	3	1	1021.98 	1047.36 	54.09 
52	113.83 	93.08 	3	5	52.02 	80.76 	56.96 
53	101.52 	118.92 	3	3	992.79 	1024.77 	59.54 
54	90.54 	81.04 	3	3	70.32 	90.27 	58.96 
55	97.90 	111.58 	3	4	160.19 	186.48 	52.84 
56	118.78 	109.15 	3	2	872.51 	896.52 	63.42 
57	86.96 	84.77 	3	3	223.72 	242.71 	53.05 
58	103.73 	103.91 	3	4	977.79 	1005.83 	45.67 
59	90.43 	109.54 	3	4	442.41 	470.64 	59.99 
60	97.33 	102.43 	3	2	1161.91 	1193.86 	52.07 
61	86.66 	124.26 	3	5	271.83 	291.11 	60.85 
62	91.77 	102.58 	3	4	996.88 	1022.60 	45.18 
63	105.09 	89.90 	3	3	1105.29 	1132.25 	54.99 
64	83.13 	91.91 	3	2	1063.43 	1088.39 	58.27 
65	121.16 	105.05 	3	3	106.44 	130.63 	59.66 
66	137.88 	102.40 	3	1	1167.96 	1190.48 	52.65 
67	121.71 	124.49 	3	1	695.19 	723.63 	54.23 
68	120.26 	86.85 	3	2	862.61 	890.94 	56.98 
69	95.65 	137.08 	3	3	1020.69 	1056.17 	61.85 
70	83.35 	126.80 	3	1	156.24 	173.30 	47.00 
71	112.07 	128.57 	3	2	1146.51 	1168.93 	55.16 
72	112.91 	85.79 	3	1	871.31 	902.65 	50.36 
73	80.84 	95.91 	3	1	108.12 	139.54 	63.57 
74	91.59 	121.69 	3	1	148.97 	181.84 	57.56 
75	107.51 	82.83 	3	2	318.20 	341.03 	56.05 
76	-111.29 	-14.18 	4	2	872.45 	903.99 	61.20 
77	-91.83 	12.94 	4	1	1061.40 	1083.94 	60.37 
78	-134.87 	27.28 	4	2	1072.88 	1096.95 	45.91 
79	-89.70 	21.01 	4	3	808.87 	837.82 	47.80 
80	-93.16 	12.71 	4	1	923.96 	954.54 	57.79 
81	-109.46 	-19.67 	4	4	1095.40 	1127.42 	48.33 
82	-89.34 	26.34 	4	1	1120.79 	1151.77 	54.67 
83	-104.13 	27.59 	4	1	714.87 	747.49 	55.15 
84	-93.66 	6.61 	4	5	326.22 	349.45 	64.56 
85	-101.61 	-18.05 	4	5	156.85 	180.82 	58.21 
86	-103.28 	22.14 	4	3	217.01 	245.24 	47.02 
87	-98.68 	14.75 	4	4	441.49 	465.04 	54.30 
88	-86.65 	29.89 	4	3	810.55 	839.51 	49.71 
89	-126.00 	3.24 	4	2	309.25 	336.84 	46.48 
90	-88.68 	-29.75 	4	2	778.33 	813.33 	55.91 
91	-112.61 	9.38 	4	1	919.75 	950.38 	61.34 
92	-128.58 	-5.56 	4	4	649.71 	674.45 	57.50 
93	-131.10 	-24.89 	4	1	204.42 	231.21 	57.97 
94	-111.59 	-11.13 	4	3	311.60 	345.11 	56.24 
95	-134.22 	14.07 	4	2	698.88 	713.03 	45.11 
96	-119.63 	19.91 	4	1	403.50 	432.31 	64.49 
97	-89.68 	-29.64 	4	3	126.30 	150.55 	45.52 
98	-87.62 	29.70 	4	2	735.08 	758.26 	61.49 
99	-91.95 	18.81 	4	3	226.52 	254.80 	47.31 
100	-90.30 	-2.68 	4	4	579.93 	602.54 	59.96 
101	134.72 	8.91 	5	3	576.20 	597.74 	60.13 
102	121.00 	-19.46 	5	4	1176.09 	1211.93 	49.83 
103	91.30 	-16.84 	5	5	1010.33 	1031.24 	51.72 
104	91.13 	14.11 	5	2	244.30 	280.26 	62.18 
105	100.25 	2.21 	5	4	576.46 	616.88 	47.98 
106	130.43 	19.33 	5	2	620.67 	633.89 	59.64 
107	87.30 	-29.55 	5	2	1065.59 	1092.68 	56.86 
108	119.28 	29.97 	5	2	296.57 	325.57 	56.32 
109	129.73 	17.26 	5	2	770.10 	795.46 	45.72 
110	131.24 	-3.66 	5	3	953.22 	987.98 	46.56 
111	85.19 	12.69 	5	1	852.15 	878.81 	62.12 
112	110.93 	-17.89 	5	5	572.65 	598.06 	61.02 
113	122.89 	-11.01 	5	3	641.85 	656.63 	46.05 
114	139.05 	10.12 	5	3	216.84 	248.93 	55.49 
115	120.35 	-28.24 	5	1	170.54 	197.48 	48.60 
116	121.42 	-13.44 	5	1	371.44 	397.44 	56.98 
117	88.75 	-8.27 	5	4	1007.01 	1034.63 	55.30 
118	101.77 	-17.05 	5	1	571.85 	595.07 	55.39 
119	109.99 	25.28 	5	1	824.63 	843.82 	57.82 
120	80.93 	13.38 	5	1	108.50 	128.85 	45.43 
121	114.29 	-8.93 	5	3	390.64 	419.10 	60.12 
122	106.79 	9.80 	5	2	739.41 	759.23 	57.81 
123	89.76 	5.54 	5	1	226.25 	259.48 	56.06 
124	88.48 	2.87 	5	3	864.76 	887.72 	57.24 
125	108.19 	13.22 	5	4	566.70 	604.45 	49.30 
126	-88.15 	-100.78 	6	1	599.08 	636.64 	52.35 
127	-86.43 	-122.29 	6	3	662.96 	684.62 	45.23 
128	-136.46 	-82.37 	6	1	429.53 	460.70 	46.44 
129	-88.35 	-130.42 	6	3	140.82 	165.54 	46.69 
130	-85.85 	-124.47 	6	1	1152.47 	1180.68 	48.62 
131	-110.25 	-109.12 	6	3	452.33 	475.60 	64.97 
132	-91.03 	-112.40 	6	2	78.67 	108.53 	48.95 
133	-95.87 	-80.99 	6	3	431.14 	445.95 	64.13 
134	-105.91 	-117.53 	6	1	932.88 	954.40 	54.05 
135	-131.16 	-102.20 	6	2	541.63 	572.43 	57.93 
136	-121.07 	-121.27 	6	4	658.67 	692.71 	59.55 
137	-135.90 	-129.81 	6	5	362.10 	390.78 	59.55 
138	-107.96 	-121.40 	6	4	859.49 	882.96 	54.55 
139	-97.06 	-115.98 	6	2	174.29 	196.23 	63.88 
140	-131.99 	-102.57 	6	4	334.47 	364.47 	63.75 
141	-125.25 	-118.23 	6	3	326.12 	354.21 	59.39 
142	-124.70 	-109.94 	6	3	814.54 	839.20 	51.31 
143	-129.82 	-100.94 	6	1	97.30 	130.08 	52.90 
144	-136.71 	-93.23 	6	2	186.83 	215.18 	48.01 
145	-102.11 	-113.65 	6	2	962.78 	991.05 	58.49 
146	-84.02 	-111.08 	6	5	498.22 	524.11 	56.04 
147	-101.92 	-91.25 	6	1	847.32 	866.41 	54.27 
148	-125.76 	-110.61 	6	2	965.19 	985.09 	47.84 
149	-131.38 	-107.97 	6	4	232.07 	265.38 	53.67 
150	-95.48 	-131.34 	6	1	1171.06 	1212.44 	55.14 
151	-28.60 	-118.30 	7	1	746.65 	778.48 	58.51 
152	29.83 	-131.08 	7	3	995.35 	1031.58 	48.72 
153	14.35 	-81.51 	7	1	996.36 	1025.14 	55.44 
154	-10.28 	-119.51 	7	4	264.81 	299.39 	57.35 
155	-27.10 	-100.96 	7	3	292.48 	325.73 	53.87 
156	5.23 	-135.84 	7	2	554.21 	579.93 	45.46 
157	-0.57 	-134.96 	7	2	880.25 	905.11 	50.62 
158	-1.00 	-114.95 	7	3	496.19 	518.44 	59.43 
159	-19.72 	-81.07 	7	2	922.66 	953.08 	61.14 
160	9.73 	-81.08 	7	1	354.63 	375.58 	51.99 
161	-22.41 	-92.88 	7	5	531.15 	558.51 	61.74 
162	-26.27 	-128.79 	7	2	453.28 	479.97 	59.62 
163	13.33 	-114.81 	7	2	781.82 	807.59 	59.63 
164	0.19 	-103.43 	7	1	410.22 	436.67 	53.30 
165	24.49 	-108.55 	7	2	1001.38 	1028.40 	54.35 
166	-21.20 	-131.62 	7	5	772.33 	794.26 	50.37 
167	29.56 	-113.64 	7	3	193.02 	217.79 	54.80 
168	-27.84 	-95.17 	7	1	988.98 	1017.04 	56.10 
169	1.30 	-84.38 	7	1	878.54 	910.77 	51.87 
170	-26.68 	-124.09 	7	5	734.05 	761.50 	53.14 
171	16.32 	-133.09 	7	5	599.61 	629.09 	50.24 
172	-28.03 	-89.30 	7	4	360.10 	395.25 	62.95 
173	26.19 	-128.99 	7	3	1050.29 	1086.88 	48.49 
174	25.20 	-129.64 	7	4	379.23 	405.83 	55.50 
175	-9.24 	-86.96 	7	3	1145.80 	1170.62 	62.59 
176	93.39 	-91.26 	8	5	327.96 	352.82 	52.83 
177	133.66 	-83.69 	8	3	1062.05 	1098.85 	46.40 
178	124.90 	-135.66 	8	2	582.02 	596.35 	60.47 
179	89.32 	-81.92 	8	5	848.08 	880.30 	46.28 
180	126.61 	-123.05 	8	2	679.70 	706.61 	48.22 
181	115.84 	-84.60 	8	2	997.60 	1018.25 	64.45 
182	111.99 	-92.05 	8	1	233.72 	260.77 	62.99 
183	80.17 	-88.86 	8	1	1160.45 	1180.70 	46.29 
184	139.70 	-106.29 	8	1	871.76 	902.92 	51.43 
185	80.55 	-119.77 	8	2	111.84 	131.63 	53.14 
186	123.71 	-121.87 	8	4	503.94 	526.68 	46.51 
187	125.57 	-83.44 	8	3	462.82 	490.33 	48.24 
188	114.87 	-100.16 	8	2	957.04 	986.68 	64.29 
189	83.68 	-99.37 	8	3	388.43 	410.01 	47.91 
190	95.42 	-103.63 	8	2	557.54 	577.55 	60.13 
191	117.19 	-111.60 	8	1	840.37 	854.94 	47.14 
192	116.07 	-126.11 	8	3	585.10 	603.19 	56.82 
193	135.12 	-131.42 	8	1	1115.20 	1145.72 	54.67 
194	110.96 	-111.10 	8	5	774.33 	803.03 	47.64 
195	105.17 	-97.18 	8	3	379.20 	407.51 	62.78 
196	109.36 	-137.48 	8	5	684.37 	704.45 	61.14 
197	121.33 	-80.94 	8	3	350.55 	373.46 	64.19 
198	101.26 	-91.35 	8	4	549.99 	568.39 	61.71 
199	106.98 	-93.00 	8	4	590.34 	622.39 	46.57 
200	81.96 	-109.81 	8	1	1035.90 	1056.25 	58.88 
