12           3           2         1          2         16


1	1	2	0	1200	400	600	30
2	2	2	0	1200	400	600	30
3	0	5	0	1200	400	600	30

1	-0.21 	-9.72 	1	
2	-0.21 	-9.72 	1	
3	1.35 	11.38 	2	
4	1.35 	11.38 	2	

1	1.16 	-4.87 	1	2	891.48 	946.90 	52.61 
2	-2.83 	-11.94 	1	4	197.84 	250.99 	54.45 
3	-2.35 	-11.39 	1	5	621.80 	681.40 	53.22 
4	2.69 	-10.50 	1	2	363.17 	399.70 	56.06 
5	-1.38 	-12.17 	1	1	787.99 	847.77 	63.26 
6	1.43 	-7.45 	1	1	772.76 	826.23 	56.81 
7	1.32 	12.93 	2	2	1116.82 	1168.70 	52.64 
8	3.47 	15.30 	2	1	432.57 	485.19 	59.60 
9	0.48 	8.24 	2	2	370.39 	425.92 	49.85 
10	0.30 	6.83 	2	1	1132.10 	1195.11 	56.39 
11	0.60 	15.49 	2	4	948.41 	1012.72 	56.98 
12	1.95 	9.49 	2	2	743.79 	804.94 	55.12 


