24           5              4              1                2             28


1	1	2	0	1200	400	600	30
2	1	3	0	1200	400	600	30
3	2	1	0	1200	400	600	30
4	2	3	0	1200	400	600	30
5	0	5	0	1200	400	600	30


1             -1.86 	-7.97       1              
2             -1.86 	-7.97       1             
3              0.95	 9.29       2              
4              0.95	 9.29       2             

1	-2.88 	-10.68 	1	4	705.43 	738.67 	55.25 
2	-3.13 	-5.86 	1	2	503.56 	528.92 	52.94 
3	-6.36 	-7.28 	1	5	922.89 	950.69 	55.65 
4	-4.52 	-3.75 	1	2	217.77 	231.29 	48.53 
5	-4.35 	-11.31 	1	4	927.70 	959.66 	62.96 
6	1.42 	-4.42 	1	2	145.44 	171.93 	46.63 
7	1.76 	-8.96 	1	3	330.09 	368.81 	56.28 
8	-0.68 	-4.06 	1	1	470.62 	491.68 	60.78 
9	0.12 	-8.99 	1	1	978.90 	1003.51 	56.30 
10	-4.06 	-10.42 	1	3	748.68 	773.83 	46.77 
11	1.31 	-11.63 	1	1	627.23 	661.73 	61.27 
12	-0.93 	-8.30 	1	3	1119.27 	1138.88 	59.25 
13	1.31 	10.63 	2	3	350.70 	372.32 	53.25 
14	1.29 	7.11 	2	2	566.72 	596.41 	64.42 
15	-0.20 	7.23 	2	5	770.32 	788.52 	60.71 
16	-4.35 	5.04 	2	2	1177.26 	1202.78 	64.65 
17	1.22 	7.83 	2	5	920.50 	943.42 	46.20 
18	3.63 	5.89 	2	2	470.53 	495.35 	60.94 
19	1.89 	12.20 	2	3	967.95 	992.86 	57.35 
20	0.68 	12.98 	2	3	224.15 	251.35 	50.35 
21	1.52 	8.38 	2	1	285.10 	302.37 	62.15 
22	3.60 	8.13 	2	1	894.15 	921.07 	46.13 
23	-2.38 	16.26 	2	5	1140.26 	1169.58 	45.32 
24	3.20 	9.87 	2	1	981.37 	1007.21 	57.89 
