400           64             48              16               8             416


1	1	1	0	1200	400	600	30
2	1	1	0	1200	400	600	30
3	1	2	0	1200	400	600	30
4	1	2	0	1200	400	600	30
5	1	3	0	1200	400	600	30
6	1	3	0	1200	400	600	30
7	2	1	0	1200	400	600	30
8	2	1	0	1200	400	600	30
9	2	2	0	1200	400	600	30
10	2	2	0	1200	400	600	30
11	2	3	0	1200	400	600	30
12	2	3	0	1200	400	600	30
13	3	1	0	1200	400	600	30
14	3	1	0	1200	400	600	30
15	3	2	0	1200	400	600	30
16	3	2	0	1200	400	600	30
17	3	3	0	1200	400	600	30
18	3	3	0	1200	400	600	30
19	4	1	0	1200	400	600	30
20	4	1	0	1200	400	600	30
21	4	2	0	1200	400	600	30
22	4	2	0	1200	400	600	30
23	4	3	0	1200	400	600	30
24	4	3	0	1200	400	600	30
25	5	1	0	1200	400	600	30
26	5	1	0	1200	400	600	30
27	5	2	0	1200	400	600	30
28	5	2	0	1200	400	600	30
29	5	3	0	1200	400	600	30
30	5	3	0	1200	400	600	30
31	6	1	0	1200	400	600	30
32	6	1	0	1200	400	600	30
33	6	2	0	1200	400	600	30
34	6	2	0	1200	400	600	30
35	6	3	0	1200	400	600	30
36	6	3	0	1200	400	600	30
37	7	1	0	1200	400	600	30
38	7	1	0	1200	400	600	30
39	7	2	0	1200	400	600	30
40	7	2	0	1200	400	600	30
41	7	3	0	1200	400	600	30
42	7	3	0	1200	400	600	30
43	8	1	0	1200	400	600	30
44	8	1	0	1200	400	600	30
45	8	2	0	1200	400	600	30
46	8	2	0	1200	400	600	30
47	8	3	0	1200	400	600	30
48	8	3	0	1200	400	600	30
49	0	5	0	1200	400	600	30
50	0	5	0	1200	400	600	30
51	0	5	0	1200	400	600	30
52	0	5	0	1200	400	600	30
53	0	5	0	1200	400	600	30
54	0	5	0	1200	400	600	30
55	0	5	0	1200	400	600	30
56	0	5	0	1200	400	600	30
57	0	5	0	1200	400	600	30
58	0	5	0	1200	400	600	30
59	0	5	0	1200	400	600	30
60	0	5	0	1200	400	600	30
61	0	5	0	1200	400	600	30
62	0	5	0	1200	400	600	30
63	0	5	0	1200	400	600	30
64	0	5	0	1200	400	600	30


1              -2.44 	-10.80         1              
2              -2.44 	-10.80          1             
3                1.93 	10.22          2              
4                1.93 	10.22          2             
5               -18.05 	4.34          3              
6               -18.05 	4.34          3             
7              7.11 	30.81           4              
8              7.11 	30.81           4             
9               -13.22 	24.84         5              
10             -13.22 	24.84         5             
11            12.65 	51.96          6              
12            12.65 	51.96          6             
13               -7.16 	46.14          7              
14               -7.16 	46.14          7            
15              17.98 	71.92           8              
16              17.98 	71.92           8             


1	-2.85 	-10.36 	1	5	746.17 	813.46 	46.21 
2	1.05 	-16.75 	1	3	354.99 	409.18 	47.59 
3	-0.89 	-11.12 	1	2	951.44 	1006.14 	55.30 
4	-1.16 	-14.67 	1	1	540.78 	596.96 	60.89 
5	-3.34 	-13.50 	1	1	932.65 	989.58 	62.34 
6	-1.93 	-7.68 	1	1	65.78 	125.05 	64.72 
7	-5.24 	-10.96 	1	3	584.91 	630.37 	62.77 
8	-0.96 	-9.67 	1	4	538.12 	591.66 	56.11 
9	-5.64 	-6.46 	1	3	691.21 	747.19 	59.00 
10	-5.14 	-6.81 	1	2	140.04 	187.30 	59.96 
11	-0.71 	-13.35 	1	3	468.09 	527.52 	50.79 
12	-0.09 	-13.35 	1	4	281.39 	337.08 	55.83 
13	-1.61 	-7.89 	1	2	421.40 	472.38 	61.98 
14	-4.71 	-7.83 	1	3	671.38 	723.29 	53.93 
15	-3.59 	-10.32 	1	3	114.96 	159.28 	63.94 
16	-2.45 	-11.06 	1	1	618.80 	673.00 	49.14 
17	-2.37 	-12.36 	1	1	854.48 	906.52 	52.42 
18	-1.76 	-10.25 	1	2	624.74 	679.29 	62.62 
19	-3.05 	-10.06 	1	1	664.23 	713.77 	59.11 
20	-0.72 	-15.73 	1	1	778.66 	830.19 	54.97 
21	-2.66 	-12.07 	1	4	106.31 	153.79 	52.57 
22	-1.67 	-12.29 	1	3	314.98 	375.42 	62.44 
23	-2.49 	-11.41 	1	1	571.91 	628.01 	64.98 
24	-1.79 	-13.85 	1	2	622.43 	667.25 	50.92 
25	-4.25 	-6.10 	1	1	338.64 	390.48 	57.72 
26	-4.99 	-7.10 	1	2	356.77 	412.13 	54.49 
27	-2.71 	-9.75 	1	3	299.11 	356.38 	64.06 
28	-4.55 	-6.91 	1	1	345.83 	388.92 	56.45 
29	-4.15 	-6.21 	1	2	127.56 	186.03 	53.58 
30	-3.24 	-9.60 	1	5	596.44 	651.69 	50.36 
31	-3.40 	-10.97 	1	3	714.18 	770.34 	63.51 
32	-3.09 	-12.95 	1	2	428.32 	476.85 	58.90 
33	-5.43 	-6.62 	1	4	179.17 	230.90 	46.58 
34	-1.01 	-12.23 	1	3	810.65 	864.10 	61.27 
35	-2.47 	-9.55 	1	2	1046.46 	1098.82 	49.37 
36	-1.41 	-9.15 	1	4	730.30 	785.13 	52.25 
37	-2.33 	-11.42 	1	1	65.09 	106.92 	56.82 
38	-2.34 	-12.75 	1	3	135.38 	192.65 	51.05 
39	1.75 	-14.17 	1	4	1152.48 	1207.23 	45.48 
40	-1.35 	-12.07 	1	5	954.10 	1012.80 	58.82 
41	-4.12 	-10.51 	1	3	161.95 	217.50 	64.66 
42	-0.31 	-14.04 	1	2	48.71 	103.49 	52.04 
43	-3.26 	-9.59 	1	1	119.49 	159.52 	48.57 
44	-4.21 	-9.44 	1	2	119.48 	183.56 	48.46 
45	-1.48 	-13.20 	1	2	1105.01 	1138.52 	49.54 
46	2.54 	-17.55 	1	1	605.09 	659.25 	59.45 
47	-4.36 	-9.82 	1	4	715.86 	781.74 	60.22 
48	-2.30 	-8.99 	1	4	995.72 	1054.30 	64.33 
49	-3.54 	-9.05 	1	1	323.03 	377.10 	63.93 
50	-0.15 	-10.40 	1	4	633.58 	695.26 	48.54 
51	-0.30 	9.06 	2	3	342.01 	403.25 	54.98 
52	2.31 	10.80 	2	1	968.97 	1042.58 	50.21 
53	1.89 	7.91 	2	1	503.11 	551.43 	45.86 
54	-1.88 	14.43 	2	4	912.55 	963.76 	55.16 
55	3.21 	4.80 	2	4	131.30 	186.61 	48.75 
56	2.44 	9.65 	2	3	687.54 	749.90 	50.62 
57	-3.00 	8.50 	2	2	558.47 	612.03 	60.92 
58	8.71 	10.05 	2	2	660.51 	720.79 	55.61 
59	-1.54 	5.55 	2	4	200.47 	258.36 	62.11 
60	5.09 	8.71 	2	4	754.22 	806.18 	61.57 
61	0.66 	13.49 	2	1	619.78 	674.85 	53.44 
62	-1.62 	8.76 	2	3	95.59 	154.68 	55.87 
63	7.57 	9.98 	2	2	454.25 	512.23 	56.54 
64	3.05 	11.37 	2	2	27.16 	81.23 	59.83 
65	6.63 	16.01 	2	3	153.93 	198.62 	55.74 
66	0.35 	11.58 	2	1	1064.66 	1123.13 	63.58 
67	3.33 	13.91 	2	1	993.89 	1047.19 	47.36 
68	2.80 	8.17 	2	2	667.69 	725.20 	48.99 
69	2.99 	18.01 	2	4	534.92 	594.49 	61.51 
70	6.00 	9.87 	2	1	1046.12 	1101.45 	54.28 
71	0.77 	12.03 	2	4	1097.05 	1146.02 	59.31 
72	-2.43 	11.60 	2	2	853.68 	907.79 	56.35 
73	-0.69 	9.03 	2	3	280.52 	328.17 	63.84 
74	-1.81 	12.49 	2	3	1093.16 	1146.82 	54.86 
75	0.12 	8.98 	2	4	1169.37 	1215.27 	51.32 
76	3.81 	7.98 	2	4	273.96 	317.25 	61.03 
77	3.12 	7.83 	2	1	941.47 	998.15 	53.63 
78	1.23 	19.18 	2	3	360.68 	408.36 	50.91 
79	-1.78 	7.29 	2	3	574.48 	616.65 	51.81 
80	4.93 	9.80 	2	1	766.64 	836.72 	56.24 
81	-0.55 	10.29 	2	1	495.89 	549.18 	49.42 
82	2.32 	4.59 	2	2	753.38 	803.70 	58.89 
83	-0.19 	11.31 	2	5	924.57 	976.34 	51.99 
84	4.44 	18.22 	2	5	776.80 	829.73 	60.64 
85	6.36 	8.26 	2	1	640.03 	686.94 	64.43 
86	3.96 	6.09 	2	2	602.20 	667.37 	57.68 
87	0.98 	8.83 	2	1	557.56 	613.66 	58.30 
88	6.33 	16.75 	2	3	970.23 	1018.51 	64.23 
89	1.50 	7.88 	2	4	614.54 	680.30 	50.99 
90	-1.84 	6.01 	2	3	988.39 	1059.15 	45.37 
91	0.43 	9.74 	2	1	591.02 	651.50 	54.88 
92	1.05 	10.25 	2	1	1015.58 	1067.35 	59.10 
93	-0.81 	10.15 	2	3	1102.47 	1161.53 	45.96 
94	1.49 	10.49 	2	2	952.31 	1005.26 	52.07 
95	-1.95 	11.43 	2	2	569.75 	617.60 	60.92 
96	3.83 	9.05 	2	2	133.98 	201.71 	63.05 
97	7.27 	11.15 	2	3	900.25 	958.12 	57.46 
98	-0.81 	8.36 	2	2	982.80 	1044.27 	54.62 
99	3.59 	6.25 	2	5	663.36 	712.55 	55.33 
100	3.02 	9.20 	2	1	313.75 	368.24 	48.62 
101	-19.70 	2.29 	3	3	876.67 	928.92 	56.35 
102	-19.41 	7.86 	3	1	563.37 	614.52 	62.10 
103	-11.65 	8.65 	3	2	1019.13 	1073.39 	46.48 
104	-13.43 	6.34 	3	5	603.77 	650.09 	58.35 
105	-15.26 	6.37 	3	3	963.88 	1016.48 	57.98 
106	-19.58 	0.48 	3	1	337.68 	394.94 	63.72 
107	-18.13 	2.78 	3	4	1163.61 	1206.80 	56.80 
108	-19.61 	3.80 	3	5	299.46 	352.24 	45.83 
109	-21.48 	5.17 	3	1	894.22 	956.60 	51.12 
110	-11.76 	0.67 	3	2	331.78 	384.53 	57.70 
111	-17.20 	5.80 	3	1	627.33 	670.01 	47.17 
112	-23.62 	6.72 	3	2	110.61 	156.28 	58.90 
113	-12.86 	7.38 	3	2	271.13 	327.80 	54.63 
114	-19.56 	2.26 	3	5	271.28 	327.91 	48.16 
115	-22.70 	6.19 	3	1	983.55 	1032.48 	49.04 
116	-19.61 	2.67 	3	4	618.39 	674.68 	46.29 
117	-20.34 	2.60 	3	4	610.74 	667.77 	63.06 
118	-14.19 	1.52 	3	1	123.82 	189.10 	61.86 
119	-19.08 	3.02 	3	1	310.08 	368.26 	59.83 
120	-21.29 	4.27 	3	4	91.50 	146.12 	63.23 
121	-21.76 	5.49 	3	3	574.35 	621.29 	50.06 
122	-15.78 	3.10 	3	2	1165.82 	1226.98 	53.32 
123	-13.68 	8.36 	3	1	287.72 	343.84 	55.23 
124	-16.26 	4.78 	3	3	693.78 	747.13 	45.42 
125	-24.20 	5.84 	3	1	1120.32 	1161.73 	64.43 
126	-20.30 	8.14 	3	2	882.76 	933.20 	59.98 
127	-15.76 	3.37 	3	2	217.94 	274.23 	61.85 
128	-14.04 	4.02 	3	4	1047.41 	1099.50 	58.03 
129	-20.87 	0.76 	3	2	688.79 	746.16 	52.21 
130	-19.10 	6.04 	3	1	480.17 	530.60 	46.56 
131	-18.48 	2.96 	3	4	117.80 	168.53 	58.26 
132	-18.07 	-0.29 	3	1	569.84 	626.75 	45.02 
133	-22.25 	8.83 	3	3	977.60 	1034.16 	54.11 
134	-13.04 	2.74 	3	1	619.44 	686.02 	51.70 
135	-15.59 	3.11 	3	3	334.45 	392.36 	64.19 
136	-18.54 	5.92 	3	4	1141.47 	1196.00 	63.37 
137	-17.14 	2.00 	3	3	501.40 	561.56 	63.92 
138	-14.11 	5.34 	3	1	382.82 	437.79 	61.00 
139	-15.36 	6.67 	3	2	368.51 	429.35 	59.52 
140	-16.82 	2.41 	3	3	211.41 	259.20 	57.39 
141	-18.20 	4.55 	3	2	598.25 	655.58 	52.34 
142	-21.06 	6.46 	3	3	170.61 	225.96 	64.62 
143	-22.22 	4.53 	3	2	611.15 	660.01 	64.61 
144	-20.64 	0.70 	3	1	389.12 	440.85 	51.08 
145	-13.16 	6.30 	3	3	354.09 	420.66 	47.69 
146	-17.57 	2.06 	3	4	121.06 	173.51 	47.10 
147	-22.50 	4.12 	3	3	1027.07 	1082.70 	57.72 
148	-17.16 	5.46 	3	4	1021.18 	1074.50 	58.34 
149	-17.47 	2.65 	3	2	664.49 	714.34 	49.33 
150	-20.93 	3.69 	3	3	185.57 	230.50 	50.79 
151	4.42 	34.76 	4	1	1171.37 	1227.85 	48.98 
152	7.20 	33.67 	4	2	338.31 	381.65 	54.27 
153	3.80 	33.73 	4	2	435.47 	485.08 	51.64 
154	9.13 	30.57 	4	5	400.93 	465.44 	63.94 
155	11.10 	29.05 	4	4	476.11 	536.52 	50.72 
156	9.15 	32.11 	4	4	132.77 	187.78 	54.30 
157	3.89 	35.91 	4	3	134.48 	193.06 	64.11 
158	5.84 	30.56 	4	3	369.61 	418.94 	62.61 
159	8.27 	29.71 	4	2	354.49 	400.22 	56.63 
160	7.42 	26.99 	4	1	123.63 	174.78 	64.75 
161	6.53 	22.02 	4	5	1035.40 	1083.05 	60.20 
162	7.91 	32.77 	4	3	28.97 	89.38 	49.40 
163	7.27 	32.45 	4	4	614.79 	668.46 	59.93 
164	4.11 	36.70 	4	2	287.38 	349.28 	59.89 
165	2.41 	28.46 	4	3	196.72 	243.83 	63.68 
166	8.24 	27.80 	4	2	282.17 	328.53 	60.36 
167	10.86 	29.59 	4	3	483.68 	536.31 	62.45 
168	7.30 	30.35 	4	4	509.12 	563.74 	60.78 
169	1.42 	26.14 	4	3	281.72 	335.60 	45.70 
170	9.44 	29.92 	4	1	774.00 	829.79 	49.99 
171	5.15 	33.47 	4	1	103.14 	153.12 	53.12 
172	9.00 	33.41 	4	2	945.91 	998.69 	48.29 
173	6.97 	29.66 	4	4	266.95 	325.23 	52.11 
174	6.96 	31.33 	4	1	57.17 	108.61 	58.16 
175	6.29 	30.59 	4	3	57.33 	107.63 	62.21 
176	3.98 	28.38 	4	1	585.30 	644.09 	55.30 
177	3.43 	33.58 	4	2	605.99 	661.33 	59.87 
178	10.10 	27.92 	4	3	212.33 	258.92 	58.14 
179	5.20 	31.24 	4	2	495.31 	548.67 	47.54 
180	5.12 	30.60 	4	1	554.29 	602.51 	55.70 
181	6.28 	32.64 	4	4	645.86 	702.98 	60.18 
182	7.84 	27.56 	4	5	546.32 	611.41 	64.27 
183	2.60 	28.06 	4	3	940.76 	996.03 	55.04 
184	7.67 	33.06 	4	1	1141.38 	1185.06 	54.15 
185	10.50 	33.61 	4	1	157.00 	213.63 	59.06 
186	6.80 	21.94 	4	3	384.34 	446.58 	51.83 
187	7.50 	31.48 	4	1	159.91 	216.97 	48.61 
188	8.13 	33.12 	4	4	23.44 	82.26 	56.83 
189	6.63 	28.55 	4	1	601.20 	645.00 	49.87 
190	10.05 	32.34 	4	4	980.61 	1042.37 	53.29 
191	5.55 	32.57 	4	3	570.81 	636.40 	52.94 
192	8.68 	26.91 	4	2	939.34 	996.40 	63.13 
193	12.21 	31.97 	4	1	47.47 	109.74 	60.28 
194	9.96 	31.12 	4	1	1063.92 	1108.65 	46.32 
195	8.23 	34.48 	4	4	282.75 	331.16 	53.38 
196	8.26 	31.77 	4	2	475.16 	531.90 	55.46 
197	10.37 	33.46 	4	1	618.42 	676.88 	47.03 
198	7.45 	32.55 	4	2	131.44 	183.29 	56.06 
199	10.11 	31.20 	4	2	717.27 	782.25 	52.07 
200	2.83 	28.74 	4	3	483.39 	543.15 	63.52 
201	-12.50 	25.63 	5	3	315.76 	371.96 	47.09 
202	-6.95 	28.96 	5	1	137.06 	197.23 	46.55 
203	-7.96 	29.40 	5	1	493.86 	553.87 	56.99 
204	-10.70 	22.61 	5	3	932.55 	989.65 	57.85 
205	-11.49 	21.13 	5	1	1037.21 	1093.47 	51.89 
206	-10.42 	28.10 	5	1	1162.31 	1214.32 	54.90 
207	-10.68 	19.60 	5	3	955.62 	1013.32 	49.06 
208	-9.71 	21.30 	5	4	98.54 	150.34 	63.99 
209	-17.14 	23.97 	5	2	286.24 	341.45 	62.42 
210	-13.41 	27.35 	5	1	118.80 	166.91 	53.32 
211	-9.68 	24.99 	5	3	165.22 	222.82 	61.88 
212	-12.64 	24.10 	5	3	1035.35 	1088.90 	62.42 
213	-13.73 	25.39 	5	2	1121.04 	1174.59 	52.67 
214	-15.43 	22.17 	5	5	1035.81 	1079.89 	50.37 
215	-13.35 	22.39 	5	1	582.13 	641.36 	53.35 
216	-12.37 	22.79 	5	2	401.38 	461.45 	56.08 
217	-12.64 	29.14 	5	4	842.00 	894.66 	64.09 
218	-13.07 	19.15 	5	5	528.14 	577.55 	56.99 
219	-14.15 	23.66 	5	3	1103.48 	1147.85 	52.66 
220	-14.86 	24.93 	5	1	153.15 	206.73 	62.97 
221	-12.40 	25.79 	5	2	1011.04 	1061.81 	64.15 
222	-15.90 	24.22 	5	4	1048.23 	1108.99 	63.33 
223	-15.63 	29.59 	5	3	168.61 	221.39 	52.96 
224	-12.36 	23.28 	5	3	1021.56 	1078.84 	52.84 
225	-11.53 	30.01 	5	1	641.86 	693.00 	53.68 
226	-9.87 	25.04 	5	5	1083.09 	1129.92 	61.36 
227	-10.52 	24.12 	5	2	1055.30 	1119.24 	58.68 
228	-19.68 	24.52 	5	3	508.83 	567.18 	46.13 
229	-17.05 	24.19 	5	2	179.30 	236.86 	49.30 
230	-14.61 	25.45 	5	3	35.98 	109.71 	61.50 
231	-14.56 	25.58 	5	2	663.70 	719.75 	64.71 
232	-12.19 	21.28 	5	4	942.15 	1003.06 	63.08 
233	-17.66 	29.30 	5	4	684.25 	741.00 	49.49 
234	-16.97 	25.28 	5	4	1080.87 	1134.96 	46.93 
235	-17.87 	24.51 	5	2	210.84 	266.80 	55.82 
236	-18.22 	22.52 	5	4	525.35 	577.17 	61.50 
237	-13.05 	23.78 	5	2	627.31 	685.73 	46.22 
238	-16.45 	27.15 	5	1	338.59 	398.76 	59.68 
239	-8.09 	25.07 	5	1	322.77 	373.96 	45.11 
240	-11.46 	25.21 	5	1	422.28 	476.79 	50.72 
241	-7.39 	26.83 	5	2	134.38 	196.12 	55.93 
242	-13.24 	26.13 	5	3	36.81 	84.23 	61.82 
243	-14.30 	25.63 	5	1	857.50 	915.12 	63.26 
244	-17.16 	21.09 	5	4	387.62 	442.88 	47.04 
245	-15.98 	27.52 	5	3	655.24 	705.64 	62.49 
246	-10.73 	24.43 	5	4	525.16 	572.24 	57.29 
247	-16.21 	28.40 	5	1	1004.02 	1066.92 	57.56 
248	-10.46 	26.78 	5	2	143.51 	197.79 	58.71 
249	-13.42 	20.20 	5	2	425.71 	479.83 	61.33 
250	-13.34 	22.59 	5	4	100.78 	147.80 	61.99 
251	10.10 	51.44 	6	4	675.85 	731.98 	62.73 
252	9.45 	56.64 	6	1	545.10 	599.28 	53.19 
253	12.55 	50.32 	6	2	1147.39 	1206.00 	48.70 
254	11.18 	49.12 	6	2	940.33 	997.98 	57.62 
255	13.42 	53.61 	6	3	274.81 	326.76 	45.39 
256	11.44 	52.45 	6	1	312.00 	367.22 	52.88 
257	12.58 	48.51 	6	4	404.28 	468.55 	52.02 
258	11.81 	53.70 	6	2	868.26 	925.88 	52.49 
259	12.38 	51.48 	6	1	525.07 	582.28 	53.86 
260	12.80 	49.37 	6	3	462.98 	511.42 	54.40 
261	15.56 	53.86 	6	3	736.23 	789.23 	59.37 
262	13.20 	50.09 	6	5	124.50 	171.80 	45.98 
263	13.24 	49.85 	6	4	258.10 	316.47 	46.23 
264	16.42 	50.29 	6	5	558.67 	621.91 	57.17 
265	13.77 	53.83 	6	3	239.89 	293.98 	51.29 
266	11.76 	53.06 	6	3	848.37 	904.53 	57.11 
267	7.88 	48.99 	6	4	885.46 	941.62 	64.97 
268	10.15 	51.72 	6	1	502.73 	556.45 	62.86 
269	10.19 	51.38 	6	1	301.33 	358.87 	50.97 
270	11.60 	50.57 	6	3	410.89 	467.10 	49.40 
271	15.38 	51.80 	6	2	723.95 	773.92 	53.80 
272	12.02 	51.77 	6	5	724.53 	786.72 	63.51 
273	16.33 	49.76 	6	2	1135.16 	1196.27 	51.66 
274	12.46 	50.96 	6	2	66.68 	124.13 	63.95 
275	11.84 	50.24 	6	4	1166.54 	1222.94 	48.59 
276	12.67 	49.00 	6	2	246.03 	298.83 	52.87 
277	16.55 	53.96 	6	1	51.61 	107.85 	46.73 
278	15.00 	56.49 	6	4	1040.68 	1087.11 	55.44 
279	15.62 	49.70 	6	4	26.77 	82.13 	48.19 
280	16.28 	56.64 	6	1	74.53 	121.35 	51.03 
281	7.65 	54.05 	6	3	86.00 	134.19 	60.50 
282	14.27 	52.53 	6	1	887.60 	941.42 	55.45 
283	13.71 	50.27 	6	3	1099.32 	1149.23 	55.76 
284	14.01 	52.98 	6	3	432.11 	486.85 	52.98 
285	14.89 	55.11 	6	4	411.19 	473.78 	63.59 
286	13.60 	50.27 	6	2	521.21 	579.49 	62.82 
287	10.44 	51.38 	6	3	126.00 	175.22 	59.52 
288	15.70 	51.80 	6	1	968.97 	1024.59 	63.91 
289	12.04 	53.60 	6	2	1147.33 	1208.11 	60.10 
290	11.33 	52.14 	6	3	735.94 	791.47 	49.81 
291	6.66 	49.83 	6	1	312.31 	366.76 	62.01 
292	15.34 	55.05 	6	1	1041.09 	1085.82 	55.26 
293	12.23 	51.96 	6	4	237.27 	286.58 	52.61 
294	13.72 	50.75 	6	1	313.23 	354.59 	50.24 
295	9.14 	53.53 	6	2	831.70 	890.38 	49.99 
296	14.24 	54.46 	6	4	410.16 	465.53 	52.45 
297	13.19 	50.48 	6	3	476.98 	534.10 	48.76 
298	12.59 	53.01 	6	1	838.47 	898.38 	52.65 
299	10.70 	52.98 	6	2	1160.20 	1200.58 	62.99 
300	11.48 	51.14 	6	2	595.27 	648.15 	60.91 
301	-6.76 	41.22 	7	3	359.89 	420.33 	46.77 
302	-10.50 	44.45 	7	2	558.54 	606.49 	49.52 
303	-3.56 	48.04 	7	3	472.91 	524.48 	53.05 
304	-8.15 	44.64 	7	3	1138.15 	1183.23 	49.42 
305	-4.11 	43.66 	7	2	983.16 	1037.04 	54.93 
306	-4.57 	46.56 	7	4	115.24 	172.98 	57.82 
307	-4.89 	46.16 	7	4	401.74 	447.23 	45.57 
308	-5.92 	43.74 	7	4	980.21 	1028.82 	45.86 
309	-9.43 	43.88 	7	5	576.79 	629.78 	58.02 
310	-6.38 	41.35 	7	4	590.54 	635.15 	60.63 
311	-10.89 	42.42 	7	1	1049.32 	1105.67 	58.00 
312	-9.95 	46.43 	7	2	689.82 	743.83 	53.85 
313	-7.35 	46.64 	7	1	99.27 	160.36 	55.77 
314	-4.77 	46.42 	7	2	859.34 	918.86 	64.56 
315	-5.03 	46.38 	7	3	305.73 	361.84 	50.16 
316	-6.85 	43.66 	7	1	1116.23 	1172.91 	48.34 
317	-7.34 	44.48 	7	4	486.42 	531.07 	53.72 
318	-5.34 	49.20 	7	2	891.94 	949.86 	64.84 
319	-2.86 	49.36 	7	2	241.74 	286.73 	64.73 
320	-2.44 	46.73 	7	1	206.22 	251.84 	63.94 
321	-7.70 	49.11 	7	2	513.77 	560.05 	51.86 
322	-11.34 	48.68 	7	1	409.90 	463.55 	48.46 
323	-9.11 	43.86 	7	4	979.31 	1037.05 	62.39 
324	-7.77 	42.74 	7	3	966.35 	1019.81 	56.28 
325	-11.61 	43.05 	7	1	747.70 	796.81 	51.74 
326	-4.94 	49.03 	7	2	29.93 	75.30 	57.22 
327	-8.62 	45.81 	7	1	268.81 	315.14 	60.27 
328	-6.87 	40.56 	7	4	727.13 	779.60 	62.22 
329	-8.87 	51.76 	7	1	567.34 	616.24 	52.94 
330	-5.24 	47.11 	7	1	583.38 	633.82 	51.52 
331	-11.19 	45.84 	7	5	261.63 	322.11 	56.12 
332	-2.68 	43.99 	7	1	642.30 	703.60 	61.69 
333	-2.03 	46.76 	7	3	997.68 	1051.97 	58.54 
334	-5.75 	47.24 	7	4	876.64 	937.82 	47.26 
335	-9.21 	40.26 	7	3	176.79 	236.49 	46.71 
336	-9.06 	47.95 	7	3	97.39 	152.67 	55.84 
337	-7.45 	45.17 	7	4	1088.38 	1153.51 	46.75 
338	-7.78 	52.71 	7	2	687.37 	740.59 	64.26 
339	-2.42 	50.42 	7	2	1087.76 	1142.60 	47.06 
340	-6.68 	53.54 	7	4	252.38 	317.66 	54.80 
341	-8.70 	49.03 	7	2	801.54 	850.86 	52.17 
342	-6.79 	48.43 	7	3	61.65 	113.83 	48.62 
343	-10.41 	49.07 	7	1	1133.51 	1183.45 	58.32 
344	-5.83 	48.72 	7	2	930.96 	994.33 	54.03 
345	-11.14 	43.52 	7	3	539.34 	589.80 	59.19 
346	-11.82 	50.80 	7	1	977.90 	1027.45 	50.81 
347	-9.83 	41.60 	7	5	493.60 	546.52 	55.26 
348	-7.18 	43.10 	7	1	724.64 	773.02 	49.90 
349	-4.44 	43.59 	7	3	720.75 	762.89 	55.80 
350	-8.28 	48.06 	7	3	802.79 	854.36 	59.43 
351	13.27 	72.07 	8	3	344.24 	392.93 	62.72 
352	18.70 	67.02 	8	2	85.05 	146.11 	45.79 
353	22.06 	73.14 	8	1	747.81 	799.03 	63.96 
354	25.60 	75.71 	8	3	96.20 	147.02 	62.79 
355	26.12 	67.90 	8	2	511.78 	558.94 	61.41 
356	16.73 	69.55 	8	1	1103.89 	1154.27 	51.28 
357	17.61 	64.43 	8	2	475.94 	522.77 	50.04 
358	19.19 	72.89 	8	3	311.27 	366.77 	49.91 
359	21.37 	74.58 	8	2	961.18 	1017.74 	63.44 
360	16.05 	67.62 	8	2	721.02 	782.53 	56.61 
361	13.83 	75.75 	8	4	574.95 	623.80 	51.59 
362	24.02 	75.55 	8	1	695.75 	756.81 	61.41 
363	25.66 	72.90 	8	4	676.87 	733.11 	61.02 
364	12.78 	69.25 	8	4	73.47 	134.25 	47.32 
365	20.99 	74.84 	8	3	388.64 	436.44 	52.30 
366	22.43 	72.36 	8	1	404.62 	456.07 	49.54 
367	20.73 	71.21 	8	3	677.92 	739.75 	60.86 
368	17.86 	68.12 	8	4	1087.41 	1138.34 	61.82 
369	18.89 	72.29 	8	2	234.90 	290.43 	51.98 
370	15.41 	65.52 	8	4	809.22 	866.49 	52.71 
371	17.34 	79.46 	8	1	396.85 	451.33 	62.02 
372	10.87 	68.35 	8	5	599.59 	648.46 	55.11 
373	4.89 	74.96 	8	2	795.83 	851.21 	58.93 
374	21.09 	75.81 	8	4	210.75 	270.40 	59.50 
375	19.71 	76.03 	8	4	637.82 	692.13 	54.22 
376	18.56 	73.16 	8	4	487.17 	542.70 	45.25 
377	16.14 	75.10 	8	2	391.68 	456.16 	58.31 
378	20.45 	71.44 	8	1	371.58 	424.45 	61.02 
379	11.79 	80.12 	8	1	470.06 	525.39 	49.64 
380	13.30 	69.53 	8	1	799.85 	852.38 	50.77 
381	22.21 	73.33 	8	3	457.41 	511.89 	52.55 
382	20.90 	69.63 	8	5	363.87 	411.51 	61.95 
383	19.20 	72.22 	8	3	868.88 	933.79 	52.47 
384	13.89 	75.23 	8	3	148.33 	190.83 	63.02 
385	26.41 	67.78 	8	1	914.52 	971.04 	63.30 
386	17.86 	72.82 	8	3	88.72 	143.93 	58.64 
387	16.89 	67.95 	8	1	1080.21 	1127.16 	61.47 
388	18.54 	72.23 	8	3	688.92 	743.52 	59.11 
389	10.88 	74.70 	8	1	1002.89 	1051.32 	55.59 
390	10.32 	75.58 	8	4	117.13 	165.28 	55.52 
391	18.50 	76.81 	8	5	316.85 	363.62 	56.79 
392	21.06 	69.87 	8	3	402.64 	460.16 	61.82 
393	15.38 	68.77 	8	4	909.60 	976.82 	64.75 
394	24.66 	74.80 	8	2	330.27 	375.82 	54.67 
395	18.63 	70.77 	8	2	934.18 	985.18 	57.90 
396	8.24 	73.26 	8	2	706.45 	765.19 	55.15 
397	18.26 	73.39 	8	1	178.28 	227.53 	60.40 
398	18.85 	67.35 	8	1	961.33 	1017.46 	50.90 
399	15.37 	67.07 	8	2	1135.08 	1198.07 	49.68 
400	19.50 	65.85 	8	3	787.88 	844.73 	48.63 


