200           32              24              8                4             208

1	1	1	0	1200	400	600	30
2	1	1	0	1200	400	600	30
3	1	2	0	1200	400	600	30
4	1	2	0	1200	400	600	30
5	1	3	0	1200	400	600	30
6	1	3	0	1200	400	600	30
7	2	1	0	1200	400	600	30
8	2	1	0	1200	400	600	30
9	2	2	0	1200	400	600	30
10	2	2	0	1200	400	600	30
11	2	3	0	1200	400	600	30
12	2	3	0	1200	400	600	30
13	3	1	0	1200	400	600	30
14	3	1	0	1200	400	600	30
15	3	2	0	1200	400	600	30
16	3	2	0	1200	400	600	30
17	3	3	0	1200	400	600	30
18	3	3	0	1200	400	600	30
19	4	1	0	1200	400	600	30
20	4	1	0	1200	400	600	30
21	4	2	0	1200	400	600	30
22	4	2	0	1200	400	600	30
23	4	3	0	1200	400	600	30
24	4	3	0	1200	400	600	30
25	0	5	0	1200	400	600	30
26	0	5	0	1200	400	600	30
27	0	5	0	1200	400	600	30
28	0	5	0	1200	400	600	30
29	0	5	0	1200	400	600	30
30	0	5	0	1200	400	600	30
31	0	5	0	1200	400	600	30
32	0	5	0	1200	400	600	30


1              0 	75        1              
2              0 	75        1             
3              75 	  0        2              
4              75 	  0        2             
5               0            -75        3              
6               0            -75        3             
7              -75             0        4              
8              -75             0        4             


1	-9.76 	101.42 	1	4	540.06 	565.54 	63.03 
2	-24.74 	80.12 	1	3	866.99 	892.25 	49.05 
3	14.37 	71.39 	1	2	737.60 	744.09 	46.90 
4	12.34 	56.20 	1	1	844.62 	879.20 	46.34 
5	21.71 	40.19 	1	2	1085.65 	1115.11 	59.26 
6	8.36 	71.13 	1	2	63.75 	102.18 	48.54 
7	34.25 	81.28 	1	2	771.30 	801.51 	54.59 
8	-9.78 	92.94 	1	2	471.13 	486.02 	61.29 
9	1.38 	63.03 	1	3	595.14 	617.30 	48.07 
10	29.72 	53.78 	1	4	1053.71 	1078.83 	63.99 
11	24.59 	65.91 	1	2	675.92 	699.22 	56.56 
12	11.81 	47.04 	1	3	167.04 	196.61 	61.37 
13	-24.20 	77.78 	1	2	1135.45 	1156.39 	52.36 
14	7.37 	96.81 	1	3	829.86 	863.11 	47.96 
15	-32.89 	100.03 	1	1	897.93 	923.50 	57.23 
16	-19.20 	107.90 	1	2	540.17 	567.33 	55.01 
17	-1.12 	65.31 	1	3	147.72 	173.86 	45.48 
18	-1.31 	97.82 	1	4	325.81 	350.12 	57.33 
19	-21.40 	48.84 	1	3	227.91 	257.29 	56.49 
20	30.60 	59.61 	1	1	676.48 	704.10 	53.25 
21	27.02 	93.80 	1	1	604.84 	635.50 	55.00 
22	20.51 	103.11 	1	1	362.95 	387.68 	56.04 
23	-19.43 	104.30 	1	3	651.82 	681.79 	54.68 
24	-26.66 	106.21 	1	5	976.05 	996.93 	45.62 
25	22.46 	80.82 	1	2	196.49 	214.51 	56.70 
26	-31.47 	58.37 	1	1	576.57 	599.26 	63.69 
27	-10.58 	70.65 	1	3	492.08 	525.04 	48.19 
28	11.08 	62.72 	1	2	641.74 	662.11 	62.27 
29	-25.09 	79.80 	1	5	81.06 	108.86 	59.47 
30	-34.01 	62.36 	1	4	664.89 	690.85 	60.24 
31	-26.99 	95.70 	1	5	410.43 	450.12 	63.19 
32	25.90 	70.38 	1	3	1130.68 	1158.34 	58.52 
33	-22.50 	61.51 	1	2	1046.79 	1066.80 	45.49 
34	24.71 	57.81 	1	5	625.05 	649.09 	47.94 
35	25.83 	88.05 	1	4	135.90 	163.04 	52.68 
36	-13.97 	91.22 	1	3	546.05 	564.99 	58.05 
37	-31.58 	55.65 	1	5	367.34 	400.51 	47.17 
38	23.40 	44.18 	1	1	946.91 	973.17 	58.46 
39	7.93 	48.78 	1	1	117.90 	133.25 	55.72 
40	25.83 	84.61 	1	1	682.01 	718.10 	61.17 
41	17.73 	103.73 	1	4	355.05 	381.71 	57.76 
42	-14.94 	94.44 	1	5	336.95 	359.70 	63.11 
43	-1.78 	96.87 	1	3	183.41 	213.85 	61.95 
44	5.08 	40.84 	1	1	715.97 	743.86 	56.17 
45	6.40 	83.05 	1	5	1019.27 	1051.28 	62.40 
46	11.40 	42.01 	1	2	64.61 	89.48 	56.28 
47	3.36 	57.48 	1	1	541.28 	570.66 	49.31 
48	29.50 	75.23 	1	3	944.29 	972.56 	55.07 
49	32.21 	46.88 	1	1	1158.60 	1178.70 	62.85 
50	34.23 	70.85 	1	5	859.82 	887.11 	52.69 
51	53.62 	4.84 	2	2	489.18 	524.02 	49.86 
52	103.80 	14.42 	2	3	925.59 	951.96 	50.87 
53	80.67 	25.35 	2	2	732.98 	765.30 	64.06 
54	93.21 	12.28 	2	5	754.57 	776.15 	49.74 
55	57.84 	-13.74 	2	1	192.65 	220.61 	45.74 
56	90.67 	32.18 	2	1	814.09 	841.83 	46.40 
57	88.96 	34.88 	2	5	1099.71 	1122.55 	53.39 
58	56.73 	-34.60 	2	3	135.06 	171.12 	57.36 
59	48.79 	14.04 	2	3	744.13 	768.74 	62.51 
60	90.50 	14.86 	2	3	925.69 	954.88 	52.33 
61	101.14 	29.70 	2	5	250.81 	266.39 	58.08 
62	54.34 	-30.26 	2	1	536.28 	569.68 	45.50 
63	57.85 	31.01 	2	2	954.01 	984.08 	56.67 
64	59.16 	0.90 	2	3	757.95 	780.85 	59.98 
65	42.74 	25.69 	2	3	589.15 	607.67 	46.22 
66	85.55 	-5.57 	2	3	888.54 	920.93 	62.99 
67	59.70 	19.41 	2	5	885.91 	908.33 	46.12 
68	83.37 	8.29 	2	2	173.85 	202.61 	55.64 
69	87.19 	-4.57 	2	2	379.00 	404.40 	54.27 
70	80.76 	-17.47 	2	5	954.17 	976.31 	60.13 
71	60.37 	-7.64 	2	3	260.02 	282.41 	62.92 
72	42.60 	9.45 	2	5	167.90 	187.51 	60.65 
73	72.49 	-28.32 	2	1	1180.02 	1205.29 	48.85 
74	104.53 	-16.72 	2	4	459.03 	471.23 	51.55 
75	89.10 	-7.28 	2	1	167.05 	193.55 	64.95 
76	102.09 	10.31 	2	1	224.16 	254.33 	52.46 
77	75.97 	-29.76 	2	1	700.12 	731.60 	52.30 
78	97.54 	3.33 	2	2	1091.63 	1118.24 	54.81 
79	92.19 	-3.54 	2	2	1021.09 	1051.66 	64.69 
80	108.70 	4.36 	2	2	264.66 	296.81 	53.88 
81	50.26 	-16.62 	2	1	172.84 	195.66 	55.67 
82	56.43 	0.40 	2	5	128.31 	151.44 	45.89 
83	96.49 	-12.66 	2	1	421.59 	444.65 	48.64 
84	43.66 	18.78 	2	1	351.82 	383.26 	56.53 
85	106.99 	34.82 	2	5	190.72 	227.38 	62.96 
86	95.93 	20.99 	2	3	671.99 	694.00 	56.01 
87	73.56 	11.45 	2	3	215.11 	247.27 	54.11 
88	74.44 	22.57 	2	2	708.93 	738.92 	64.56 
89	53.46 	-17.11 	2	5	1122.83 	1158.87 	63.26 
90	109.08 	8.94 	2	4	715.78 	741.37 	60.75 
91	48.38 	-4.02 	2	5	165.83 	194.94 	46.73 
92	106.37 	14.54 	2	2	302.34 	332.38 	57.49 
93	51.93 	11.71 	2	3	820.04 	852.42 	46.89 
94	80.21 	31.81 	2	1	346.20 	367.15 	50.59 
95	66.56 	-23.44 	2	2	144.68 	178.72 	59.33 
96	67.16 	-30.96 	2	3	309.05 	328.84 	60.49 
97	74.30 	26.67 	2	2	109.78 	138.30 	45.11 
98	63.14 	-1.90 	2	5	474.75 	508.95 	56.23 
99	45.48 	-13.12 	2	5	934.99 	955.64 	51.31 
100	61.17 	-23.02 	2	1	348.76 	369.63 	47.32 
101	-1.14 	-52.78 	3	3	406.30 	433.26 	48.66 
102	16.79 	-93.92 	3	5	946.23 	981.12 	50.73 
103	14.52 	-69.70 	3	2	1009.27 	1049.66 	57.27 
104	32.20 	-46.45 	3	1	707.40 	727.04 	46.78 
105	10.05 	-72.19 	3	1	697.73 	718.27 	45.82 
106	-6.19 	-72.64 	3	3	151.60 	178.43 	64.81 
107	-20.91 	-76.51 	3	5	981.08 	996.60 	46.11 
108	26.64 	-80.20 	3	2	588.57 	612.96 	61.00 
109	-22.22 	-56.75 	3	1	957.78 	981.26 	60.43 
110	10.19 	-86.78 	3	3	512.19 	538.95 	60.17 
111	7.35 	-86.50 	3	5	323.32 	336.70 	55.86 
112	-13.26 	-106.48 	3	1	571.86 	605.48 	61.98 
113	-22.52 	-97.79 	3	3	58.89 	86.16 	55.23 
114	30.63 	-49.54 	3	2	743.51 	775.72 	49.45 
115	-27.44 	-44.15 	3	3	418.06 	440.96 	53.00 
116	-20.13 	-86.87 	3	5	148.79 	177.90 	63.72 
117	32.73 	-63.63 	3	1	1051.80 	1077.50 	54.16 
118	16.60 	-95.97 	3	5	290.71 	309.72 	45.68 
119	2.21 	-78.96 	3	2	352.47 	379.38 	53.34 
120	-21.91 	-54.33 	3	3	453.37 	478.06 	45.70 
121	31.27 	-58.03 	3	2	50.31 	78.04 	61.75 
122	19.28 	-91.43 	3	2	192.97 	226.14 	53.17 
123	0.47 	-101.99 	3	1	375.81 	413.21 	52.82 
124	4.98 	-48.69 	3	2	359.15 	387.81 	50.22 
125	-22.21 	-102.39 	3	2	692.06 	713.87 	62.01 
126	-11.41 	-45.34 	3	5	223.09 	243.73 	54.65 
127	-13.82 	-65.59 	3	3	1166.28 	1189.91 	51.05 
128	30.50 	-79.80 	3	5	823.36 	850.99 	51.32 
129	-12.00 	-47.23 	3	5	274.57 	296.84 	64.14 
130	-5.36 	-106.45 	3	4	419.57 	450.33 	51.51 
131	-33.17 	-99.43 	3	3	781.97 	808.58 	60.00 
132	-27.11 	-46.87 	3	4	232.21 	254.18 	50.18 
133	-23.50 	-41.07 	3	5	874.44 	887.33 	62.17 
134	-20.73 	-94.94 	3	3	76.23 	107.69 	48.09 
135	-7.42 	-75.50 	3	1	384.58 	409.14 	63.20 
136	2.03 	-102.59 	3	3	690.88 	716.32 	48.62 
137	32.68 	-56.27 	3	1	595.04 	610.40 	48.44 
138	-20.66 	-70.84 	3	1	175.21 	198.50 	49.22 
139	3.62 	-71.74 	3	2	472.85 	495.35 	62.77 
140	7.24 	-108.50 	3	3	917.51 	942.04 	52.83 
141	4.41 	-71.51 	3	1	239.09 	284.34 	47.29 
142	-23.87 	-60.92 	3	2	62.37 	81.49 	53.67 
143	14.78 	-92.45 	3	2	852.83 	875.69 	57.91 
144	19.30 	-101.78 	3	1	272.63 	298.02 	59.22 
145	-35.00 	-51.73 	3	5	43.06 	73.84 	45.55 
146	7.03 	-104.60 	3	1	809.58 	840.20 	47.45 
147	-21.30 	-64.13 	3	5	858.14 	882.49 	55.72 
148	-13.29 	-72.97 	3	5	725.12 	751.83 	63.93 
149	30.41 	-51.63 	3	2	480.45 	512.01 	54.12 
150	-0.03 	-55.02 	3	3	792.71 	816.25 	63.70 
151	-57.91 	-13.71 	4	3	35.91 	68.05 	57.28 
152	-61.16 	-16.99 	4	1	355.85 	391.07 	46.91 
153	-45.17 	-29.60 	4	3	1092.25 	1111.93 	45.34 
154	-52.93 	-15.10 	4	3	313.25 	343.34 	47.20 
155	-58.15 	-11.46 	4	5	330.92 	354.11 	49.07 
156	-75.67 	-8.40 	4	4	495.03 	512.64 	62.47 
157	-52.06 	22.29 	4	2	798.34 	828.61 	45.46 
158	-69.06 	18.46 	4	2	398.93 	420.54 	59.04 
159	-93.30 	16.72 	4	3	51.23 	70.59 	47.39 
160	-54.05 	23.77 	4	3	815.21 	840.18 	54.70 
161	-52.59 	4.55 	4	4	40.66 	77.76 	48.29 
162	-91.05 	-1.54 	4	5	206.20 	233.23 	49.21 
163	-99.51 	-25.69 	4	2	515.87 	536.10 	47.96 
164	-60.31 	31.48 	4	4	272.21 	297.07 	49.96 
165	-100.95 	27.97 	4	1	351.05 	372.79 	55.57 
166	-41.19 	-6.22 	4	3	538.49 	556.29 	58.65 
167	-61.09 	8.70 	4	4	229.04 	259.94 	56.25 
168	-59.11 	-8.72 	4	2	213.81 	233.99 	46.32 
169	-83.42 	-8.29 	4	3	733.35 	756.98 	63.64 
170	-101.99 	-9.79 	4	3	392.26 	415.74 	51.87 
171	-56.81 	-19.82 	4	1	354.63 	387.92 	46.16 
172	-42.89 	-1.45 	4	5	1100.82 	1137.67 	45.31 
173	-105.61 	31.62 	4	1	953.31 	970.75 	58.33 
174	-80.99 	16.82 	4	5	1145.28 	1169.19 	62.01 
175	-48.16 	-9.38 	4	5	709.22 	737.73 	60.45 
176	-104.79 	12.68 	4	3	111.89 	130.25 	59.75 
177	-107.49 	-26.09 	4	1	585.88 	611.37 	50.50 
178	-108.86 	-13.69 	4	5	1063.40 	1081.90 	52.97 
179	-61.46 	21.77 	4	4	1032.41 	1063.02 	50.47 
180	-86.16 	-20.30 	4	3	1030.51 	1052.52 	50.21 
181	-72.81 	-32.94 	4	2	754.82 	788.86 	59.48 
182	-63.58 	14.85 	4	1	555.60 	576.53 	51.12 
183	-68.18 	-34.65 	4	2	506.78 	530.98 	59.75 
184	-63.59 	15.21 	4	1	930.95 	950.53 	52.95 
185	-75.26 	3.36 	4	3	1085.12 	1106.73 	47.16 
186	-106.09 	-1.86 	4	1	250.30 	266.14 	59.52 
187	-57.06 	-21.97 	4	5	1086.89 	1104.53 	60.15 
188	-58.04 	-24.03 	4	2	201.91 	228.56 	62.10 
189	-109.29 	-7.67 	4	2	802.66 	831.30 	59.99 
190	-88.10 	-33.64 	4	3	859.45 	900.06 	63.31 
191	-49.05 	-25.03 	4	1	834.11 	861.35 	59.08 
192	-59.72 	16.91 	4	2	957.28 	988.45 	47.49 
193	-100.99 	0.46 	4	1	203.33 	237.57 	64.44 
194	-104.44 	32.32 	4	4	855.45 	881.73 	55.62 
195	-65.98 	34.58 	4	2	194.84 	227.91 	52.10 
196	-80.44 	-3.13 	4	1	1083.31 	1108.38 	59.81 
197	-99.66 	25.51 	4	2	658.64 	681.93 	57.18 
198	-94.88 	24.59 	4	1	316.00 	340.25 	60.90 
199	-102.00 	-3.09 	4	5	1080.75 	1106.33 	54.21 
200	-65.10 	12.34 	4	2	156.03 	179.47 	51.00 
