100          16            12              4                4             108


1	1	2	0	1200	400	600	30
2	1	2	0	1200	400	600	30
3	1	3	0	1200	400	600	30
4	2	2	0	1200	400	600	30
5	2	2	0	1200	400	600	30
6	2	3	0	1200	400	600	30
7	3	1	0	1200	400	600	30
8	3	2	0	1200	400	600	30
9	3	3	0	1200	400	600	30
10	4	2	0	1200	400	600	30
11	4	2	0	1200	400	600	30
12	4	3	0	1200	400	600	30
13	0	5	0	1200	400	600	30
14	0	5	0	1200	400	600	30
15	0	5	0	1200	400	600	30
16	0	5	0	1200	400	600	30


1              0 	75        1              
2              0 	75        1             
3              75 	  0        2              
4              75 	  0        2             
5               0            -75        3             
6               0            -75        3             
7              -75             0        4              
8              -75             0        4             


1	-1.92 	99.61 	1	1	1042.57 	1086.23 	61.72 
2	-3.65 	99.28 	1	3	916.43 	969.67 	50.10 
3	24.23 	98.63 	1	1	1167.00 	1227.86 	57.05 
4	-19.31 	104.06 	1	4	100.68 	156.59 	61.58 
5	32.75 	90.53 	1	3	748.18 	792.57 	52.06 
6	18.76 	78.56 	1	3	1115.74 	1165.19 	50.49 
7	17.15 	55.32 	1	3	612.56 	658.12 	59.94 
8	17.69 	73.61 	1	2	782.73 	834.68 	60.92 
9	30.41 	77.16 	1	2	263.81 	323.76 	59.73 
10	5.23 	60.66 	1	1	1118.42 	1174.68 	45.62 
11	26.29 	44.56 	1	3	485.61 	529.96 	50.73 
12	2.96 	89.33 	1	5	579.81 	634.64 	50.03 
13	13.39 	63.89 	1	2	1001.93 	1061.98 	46.31 
14	6.85 	106.40 	1	1	648.49 	700.75 	51.09 
15	-12.85 	93.57 	1	2	97.86 	152.17 	63.53 
16	1.72 	87.31 	1	4	941.40 	982.73 	60.14 
17	21.92 	79.18 	1	2	1057.49 	1116.88 	56.12 
18	-2.05 	67.31 	1	5	481.56 	530.73 	50.08 
19	32.35 	87.99 	1	4	465.41 	510.65 	48.58 
20	-30.56 	58.17 	1	3	657.37 	708.40 	51.97 
21	-17.09 	47.65 	1	4	987.63 	1053.38 	63.92 
22	-24.03 	104.44 	1	4	1123.85 	1180.27 	53.89 
23	-26.26 	59.07 	1	2	341.47 	395.28 	45.65 
24	-18.17 	81.58 	1	1	1168.74 	1218.22 	64.46 
25	-27.59 	97.04 	1	1	221.69 	284.15 	61.76 
26	68.80 	-9.25 	2	2	31.03 	71.78 	55.52 
27	84.01 	-26.51 	2	3	195.49 	243.57 	59.90 
28	74.47 	28.80 	2	5	874.42 	931.07 	50.75 
29	87.35 	-19.46 	2	5	1168.07 	1219.95 	58.07 
30	68.02 	-31.06 	2	2	38.55 	84.95 	56.76 
31	76.18 	-31.01 	2	4	231.47 	296.34 	45.36 
32	106.70 	-7.99 	2	3	1044.72 	1101.93 	50.98 
33	83.92 	20.33 	2	5	1034.86 	1097.52 	48.55 
34	59.70 	4.82 	2	4	385.83 	444.50 	62.85 
35	97.98 	0.08 	2	2	962.77 	1007.89 	57.65 
36	84.98 	-31.04 	2	3	496.12 	550.69 	60.36 
37	105.06 	-24.04 	2	2	614.68 	669.94 	61.02 
38	98.18 	6.79 	2	1	441.64 	498.24 	49.68 
39	43.86 	30.14 	2	1	1039.97 	1096.67 	62.03 
40	56.34 	-15.21 	2	2	137.92 	179.94 	48.48 
41	40.42 	-29.60 	2	1	916.42 	961.53 	49.89 
42	67.41 	-10.66 	2	1	329.06 	388.76 	54.60 
43	70.01 	-16.00 	2	4	942.32 	996.76 	62.09 
44	99.96 	32.74 	2	3	348.02 	394.53 	49.40 
45	85.36 	4.70 	2	2	101.30 	149.09 	50.66 
46	101.79 	34.80 	2	3	734.04 	792.32 	48.12 
47	45.77 	-25.92 	2	1	911.49 	959.05 	47.21 
48	59.50 	6.76 	2	3	1092.73 	1157.79 	64.45 
49	69.70 	-4.72 	2	5	1097.58 	1148.08 	52.66 
50	59.42 	-0.59 	2	1	1137.96 	1199.88 	50.29 
51	-27.99 	-71.83 	3	2	489.18 	542.13 	61.36 
52	-22.40 	-84.91 	3	2	860.01 	915.65 	53.57 
53	-30.67 	-83.90 	3	1	981.41 	1028.44 	61.21 
54	-26.01 	-94.19 	3	2	279.89 	334.98 	60.22 
55	2.70 	-92.71 	3	4	1101.78 	1151.88 	51.13 
56	13.86 	-97.73 	3	3	25.48 	76.58 	57.03 
57	20.23 	-100.50 	3	5	81.79 	140.11 	52.15 
58	-9.01 	-82.82 	3	1	124.87 	182.07 	63.65 
59	10.39 	-86.53 	3	1	372.90 	433.71 	59.09 
60	10.38 	-41.05 	3	4	156.27 	217.14 	52.63 
61	7.77 	-83.35 	3	1	1165.39 	1215.10 	54.74 
62	26.40 	-91.21 	3	4	882.89 	943.75 	60.96 
63	-24.14 	-49.66 	3	3	256.40 	313.50 	56.06 
64	-7.70 	-80.66 	3	1	1130.53 	1189.86 	51.56 
65	-13.83 	-50.34 	3	2	1148.65 	1207.58 	62.19 
66	18.47 	-57.66 	3	3	253.04 	309.27 	58.38 
67	31.00 	-73.12 	3	2	556.92 	615.26 	61.87 
68	20.85 	-92.31 	3	3	582.88 	641.15 	51.88 
69	19.00 	-71.69 	3	3	891.06 	947.43 	45.39 
70	-22.10 	-96.48 	3	4	663.96 	715.80 	46.77 
71	-14.27 	-48.76 	3	3	267.74 	330.18 	49.47 
72	25.68 	-75.33 	3	2	855.34 	913.16 	64.37 
73	27.69 	-78.99 	3	5	824.99 	871.95 	50.67 
74	-21.43 	-72.45 	3	1	793.21 	848.00 	51.04 
75	-4.22 	-83.57 	3	4	211.32 	262.17 	51.53 
76	-88.26 	-11.97 	4	1	453.05 	509.24 	62.19 
77	-40.63 	-11.97 	4	4	989.17 	1039.53 	46.83 
78	-53.12 	23.33 	4	3	849.41 	907.43 	45.41 
79	-82.10 	8.15 	4	3	1088.30 	1151.91 	54.16 
80	-84.58 	29.73 	4	3	929.48 	995.90 	49.80 
81	-88.09 	27.89 	4	3	40.05 	91.66 	64.92 
82	-42.66 	22.42 	4	4	887.86 	941.94 	64.54 
83	-47.08 	-32.35 	4	4	784.81 	846.15 	45.60 
84	-78.43 	-19.20 	4	2	669.04 	720.44 	62.55 
85	-95.72 	-18.94 	4	1	569.97 	631.46 	47.69 
86	-41.05 	6.83 	4	1	516.64 	573.49 	48.58 
87	-56.69 	-17.22 	4	2	662.25 	711.73 	61.76 
88	-89.20 	-2.60 	4	3	1104.07 	1166.09 	46.60 
89	-61.42 	30.54 	4	2	80.45 	130.55 	50.25 
90	-73.16 	-19.75 	4	2	761.54 	820.28 	58.01 
91	-102.21 	-4.27 	4	2	1141.78 	1195.74 	58.38 
92	-85.36 	24.80 	4	4	716.11 	771.92 	63.44 
93	-85.79 	27.33 	4	2	726.04 	786.54 	60.71 
94	-81.08 	-16.55 	4	3	426.04 	471.81 	53.36 
95	-72.21 	4.77 	4	4	333.24 	388.18 	64.75 
96	-103.32 	-12.87 	4	5	264.05 	328.14 	59.85 
97	-76.80 	-14.20 	4	1	521.77 	572.32 	50.33 
98	-60.04 	-11.94 	4	1	773.90 	829.87 	55.92 
99	-106.23 	8.84 	4	5	1069.80 	1116.78 	63.42 
100	-93.81 	13.49 	4	1	97.62 	151.93 	48.32 
