24           5              4              1                2             28


1	1	2	0	1200	400	600	30
2	1	3	0	1200	400	600	30
3	2	1	0	1200	400	600	30
4	2	3	0	1200	400	600	30
5	0	5	0	1200	400	600	30


1             33 	-33        1              
2             33 	-33        1             
3             -33 	 33        2              
4             -33 	 33        2             

1	52.48 	-23.34 	1	1	1096.95 	1116.07 	59.74 
2	51.77 	-18.76 	1	4	269.89 	302.89 	53.87 
3	59.84 	-24.89 	1	1	132.68 	158.58 	60.40 
4	3.17 	-18.13 	1	3	910.13 	930.79 	51.57 
5	29.74 	-17.72 	1	3	346.33 	374.33 	45.94 
6	65.44 	-16.66 	1	2	381.69 	401.44 	50.19 
7	39.23 	-61.98 	1	2	472.08 	499.38 	46.16 
8	63.48 	-15.11 	1	3	145.38 	163.63 	48.86 
9	30.12 	-32.08 	1	2	961.73 	980.01 	46.40 
10	11.98 	-4.34 	1	4	721.38 	738.38 	50.72 
11	32.97 	-23.56 	1	5	327.88 	364.63 	61.75 
12	5.15 	-42.12 	1	1	937.91 	973.10 	62.37 
13	-7.76 	31.73 	2	1	1055.73 	1076.53 	57.86 
14	-12.15 	62.09 	2	4	45.63 	67.85 	56.17 
15	-61.11 	51.73 	2	3	1130.19 	1147.58 	50.00 
16	-16.79 	14.39 	2	5	636.92 	658.69 	51.28 
17	-23.86 	25.50 	2	4	722.30 	737.97 	60.19 
18	-33.63 	36.00 	2	1	1044.22 	1057.86 	51.37 
19	-64.57 	51.13 	2	2	87.89 	115.24 	47.32 
20	-42.70 	36.74 	2	2	955.15 	981.24 	49.78 
21	-2.17 	21.37 	2	3	621.81 	651.36 	56.15 
22	-63.48 	52.10 	2	2	165.65 	185.31 	61.34 
23	-29.85 	14.08 	2	1	1070.96 	1097.92 	54.71 
24	-22.69 	27.95 	2	3	832.29 	875.32 	63.57 
