12           3           2         1          2         16


1	1	2	0	1200	400	600	30
2	2	2	0	1200	400	600	30
3	0	5	0	1200	400	600	30

1	33 	-33 	1	
2	33 	-33 	1	
3	-33 	33 	2	
4	-33	33 	2	

1	42.83 	-1.20 	1	1	1034.99 	1057.36 	57.09 
2	43.21 	-23.37 	1	1	1010.39 	1039.80 	48.89 
3	8.02 	-40.51 	1	2	982.23 	999.54 	62.88 
4	19.38 	-18.97 	1	5	684.57 	696.48 	47.35 
5	55.89 	-28.66 	1	4	137.45 	165.57 	53.43 
6	49.87 	-50.31 	1	2	993.21 	1026.17 	54.25 
7	-56.43 	35.82 	2	1	637.49 	673.16 	60.21 
8	-4.88 	22.09 	2	2	815.96 	838.28 	50.04 
9	-22.03 	19.15 	2	4	253.65 	289.39 	59.44 
10	-15.18 	17.61 	2	2	925.26 	958.08 	47.80 
11	-26.53 	10.74 	2	2	329.62 	350.65 	50.99 
12	-40.27 	31.95 	2	1	953.84 	980.44 	60.10 
