48           10              8              2                4             56     

1	1	1	0	1200	400	600	30
2	1	3	0	1200	400	600	30
3	2	1	0	1200	400	600	30
4	2	3	0	1200	400	600	30
5	3	1	0	1200	400	600	30
6	3	3	0	1200	400	600	30
7	4	2	0	1200	400	600	30
8	4	3	0	1200	400	600	30
9	0	5	0	1200	400	600	30
10	0	5	0	1200	400	600	30


1              -5.71 	 -6.51        1              
2              -5.71 	 -6.51        1             
3               6.80	  8.52        2              
4               6.80	  8.52        2             
5             -12.78         10.46        3              
6             -12.78         10.46        3             
7              18.14          22.57        4              
8              18.14          22.57        4            


1	-6.90 	-2.93 	1	1	1032.11 	1085.56 	45.51 
2	-2.81 	-4.49 	1	5	419.67 	475.96 	61.83 
3	-6.36 	-8.39 	1	2	424.36 	473.06 	52.37 
4	-5.62 	-8.71 	1	3	357.20 	415.90 	63.60 
5	-5.79 	-5.84 	1	5	610.50 	664.88 	63.86 
6	-4.15 	-4.77 	1	2	780.20 	836.18 	56.90 
7	-7.70 	-14.12 	1	2	985.20 	1035.48 	49.07 
8	-7.36 	-6.99 	1	1	677.76 	725.24 	47.44 
9	-7.78 	-11.28 	1	3	997.73 	1056.25 	56.54 
10	-5.95 	-3.31 	1	3	920.49 	973.28 	50.32 
11	0.02 	0.19 	1	1	503.54 	555.92 	45.20 
12	-8.10 	-7.52 	1	4	190.78 	248.87 	46.41 
13	4.31 	10.73 	2	1	718.54 	765.26 	55.50 
14	9.57 	8.16 	2	5	543.81 	606.13 	64.60 
15	11.44 	7.85 	2	3	99.78 	157.33 	63.47 
16	8.39 	7.78 	2	3	548.63 	584.55 	56.03 
17	8.07 	7.46 	2	2	651.70 	701.46 	63.74 
18	3.21 	8.06 	2	3	849.30 	903.72 	61.05 
19	5.54 	9.42 	2	5	78.55 	139.17 	45.95 
20	6.66 	6.71 	2	1	196.47 	246.09 	46.90 
21	6.73 	9.19 	2	2	1075.40 	1126.94 	51.59 
22	6.34 	10.08 	2	2	234.97 	283.57 	61.78 
23	1.45 	8.66 	2	5	472.74 	530.69 	46.14 
24	9.88 	8.08 	2	1	795.96 	856.15 	47.19 
25	-16.30 	12.82 	3	3	317.41 	367.25 	45.82 
26	-13.77 	12.76 	3	3	225.80 	279.53 	61.78 
27	-14.56 	10.33 	3	4	147.26 	196.27 	63.35 
28	-13.35 	9.38 	3	2	650.35 	706.49 	56.47 
29	-10.82 	8.27 	3	5	962.60 	1012.87 	58.11 
30	-15.62 	9.26 	3	4	850.85 	898.83 	56.67 
31	-4.68 	12.17 	3	2	391.22 	448.11 	49.09 
32	-10.36 	11.72 	3	1	830.76 	889.41 	49.66 
33	-11.63 	9.90 	3	1	951.05 	1001.46 	55.92 
34	-12.43 	11.76 	3	2	1031.95 	1080.74 	51.37 
35	-16.21 	9.43 	3	3	884.36 	943.36 	58.94 
36	-13.60 	7.72 	3	1	279.91 	334.86 	54.34 
37	18.81 	25.50 	4	3	600.02 	647.62 	61.37 
38	20.13 	27.05 	4	5	63.28 	113.98 	50.37 
39	20.21 	24.75 	4	3	1045.33 	1098.94 	51.82 
40	17.50 	20.98 	4	5	693.95 	747.83 	46.66 
41	18.26 	24.61 	4	2	628.31 	671.09 	59.64 
42	16.40 	21.71 	4	2	1073.92 	1128.94 	45.83 
43	21.16 	21.58 	4	1	629.24 	688.05 	61.15 
44	20.22 	23.18 	4	2	189.90 	239.41 	46.09 
45	18.11 	22.98 	4	1	1106.89 	1162.31 	45.52 
46	15.17 	13.83 	4	5	60.76 	122.99 	46.86 
47	15.01 	24.82 	4	3	1024.01 	1087.08 	45.80 
48	16.72 	19.86 	4	1	917.28 	976.41 	59.84 

