12           3           2         1          2         16


1	1	2	0	1200	400	600	30
2	2	2	0	1200	400	600	30
3	0	5	0	1200	400	600	30

1	-4.09 	-6.64	1	
2	-4.09 	-6.64 	1	
3	3.42	9.22 	2	
4	3.42	9.22  	2	

1	1.81 	-0.36 	1	1	867.99 	911.89 	46.89 
2	-8.70 	-9.48 	1	4	426.01 	493.51 	60.55 
3	-4.55 	-6.19 	1	1	748.58 	806.52 	64.97 
4	-6.16 	-5.67 	1	2	1161.45 	1214.02 	63.30 
5	0.23 	-12.50 	1	5	510.30 	552.25 	63.24 
6	-7.18 	-5.64 	1	2	849.93 	901.80 	56.85 
7	4.79 	8.86 	2	1	642.94 	702.44 	57.41 
8	3.98 	10.20 	2	5	461.27 	514.98 	58.82 
9	3.21 	9.91 	2	2	322.19 	370.04 	53.35 
10	0.65 	11.68 	2	2	261.28 	319.68 	59.10 
11	6.44 	8.53 	2	1	1022.98 	1084.28 	64.53 
12	1.44 	6.14 	2	1	174.21 	219.62 	48.11 

