100          16            12              4                4             108


1	1	2	0	1200	400	600	30
2	1	2	0	1200	400	600	30
3	1	3	0	1200	400	600	30
4	2	2	0	1200	400	600	30
5	2	2	0	1200	400	600	30
6	2	3	0	1200	400	600	30
7	3	1	0	1200	400	600	30
8	3	2	0	1200	400	600	30
9	3	3	0	1200	400	600	30
10	4	2	0	1200	400	600	30
11	4	2	0	1200	400	600	30
12	4	3	0	1200	400	600	30
13	0	5	0	1200	400	600	30
14	0	5	0	1200	400	600	30
15	0	5	0	1200	400	600	30
16	0	5	0	1200	400	600	30


1             -6.47 	-5.88         1              
2             -6.47 	-5.88         1             
3              6.57 	4.52          2              
4              6.57 	4.52          2             
5             -10.02 	11.17         3              
6             -10.02 	11.17         3             
7              19.19 	15.97         4              
8              19.19 	15.97         4             

1	-7.17 	-2.68 	1	4	656.40 	707.94 	54.13 
2	-4.65 	-7.57 	1	3	231.40 	287.48 	54.60 
3	-5.21 	-8.34 	1	1	675.14 	722.92 	63.74 
4	-9.59 	-5.39 	1	3	130.59 	182.59 	48.01 
5	-6.05 	-4.95 	1	1	870.21 	922.76 	54.72 
6	-5.82 	-10.58 	1	5	195.48 	250.05 	63.24 
7	-6.87 	-7.75 	1	3	509.35 	565.89 	50.19 
8	-7.05 	-5.82 	1	2	307.14 	355.35 	46.21 
9	-5.20 	-3.27 	1	2	667.78 	726.44 	47.55 
10	-5.84 	-5.46 	1	4	152.99 	207.18 	58.24 
11	-5.80 	-8.24 	1	2	72.44 	121.94 	56.32 
12	-7.30 	-5.71 	1	1	818.29 	879.66 	57.87 
13	-3.58 	-3.64 	1	2	400.59 	448.41 	63.68 
14	-2.70 	-7.99 	1	5	813.60 	859.92 	52.76 
15	-6.69 	-7.96 	1	3	426.10 	485.46 	60.34 
16	-7.59 	-1.17 	1	2	948.49 	985.65 	61.69 
17	-6.73 	-5.00 	1	3	485.22 	530.84 	52.46 
18	-7.87 	-2.97 	1	5	41.04 	94.43 	53.57 
19	-8.17 	-4.77 	1	2	938.10 	990.75 	50.56 
20	-6.83 	-5.94 	1	5	629.34 	694.47 	53.41 
21	-5.96 	-7.15 	1	1	362.39 	416.47 	59.54 
22	-7.16 	-3.60 	1	1	341.62 	390.23 	59.22 
23	-7.10 	-8.45 	1	1	992.82 	1039.99 	48.62 
24	-5.41 	-4.28 	1	5	341.18 	394.67 	54.64 
25	-9.50 	-8.34 	1	3	832.25 	883.19 	48.41 
26	6.22 	0.30 	2	2	344.84 	408.39 	58.74 
27	5.15 	4.26 	2	1	1069.63 	1119.67 	49.85 
28	4.73 	0.15 	2	2	113.04 	177.43 	47.95 
29	6.09 	4.14 	2	3	1000.89 	1049.60 	61.45 
30	6.67 	5.04 	2	1	808.70 	851.42 	51.08 
31	6.65 	10.17 	2	2	79.21 	139.50 	64.47 
32	6.82 	2.34 	2	1	1031.18 	1079.90 	64.30 
33	8.17 	2.89 	2	1	485.68 	538.79 	61.78 
34	5.40 	4.85 	2	5	807.15 	858.60 	47.91 
35	4.37 	6.32 	2	5	448.17 	495.47 	50.78 
36	6.29 	9.07 	2	4	564.23 	625.59 	54.84 
37	6.22 	0.83 	2	3	737.68 	779.03 	47.61 
38	4.40 	4.80 	2	5	641.05 	689.39 	54.98 
39	6.84 	8.41 	2	2	35.35 	85.77 	57.78 
40	5.78 	8.13 	2	3	642.77 	693.44 	54.68 
41	5.22 	3.57 	2	4	387.05 	445.45 	51.67 
42	8.38 	4.02 	2	2	233.91 	278.13 	59.76 
43	7.70 	3.56 	2	3	490.05 	553.03 	63.10 
44	7.43 	5.98 	2	3	1119.22 	1176.78 	53.99 
45	8.20 	5.44 	2	2	361.70 	417.11 	46.58 
46	6.85 	-5.33 	2	5	570.57 	624.61 	47.89 
47	7.52 	8.24 	2	1	1122.22 	1174.85 	62.62 
48	6.91 	4.20 	2	1	702.30 	772.11 	61.18 
49	8.19 	5.31 	2	5	278.61 	338.23 	45.36 
50	8.12 	6.25 	2	3	453.38 	509.59 	48.62 
51	-6.15 	14.38 	3	5	225.14 	274.25 	46.94 
52	-6.72 	10.76 	3	3	1048.54 	1101.73 	45.67 
53	-13.64 	12.08 	3	1	556.56 	610.36 	46.81 
54	-6.45 	11.90 	3	3	33.99 	88.12 	56.76 
55	-12.67 	13.87 	3	5	949.60 	1011.62 	62.91 
56	-9.96 	11.85 	3	2	718.98 	769.21 	47.08 
57	-7.20 	9.16 	3	1	764.18 	819.38 	49.79 
58	-8.35 	8.27 	3	5	415.39 	470.41 	61.00 
59	-11.11 	8.36 	3	3	1130.64 	1180.76 	55.78 
60	-12.78 	12.29 	3	2	871.25 	935.59 	61.43 
61	-11.66 	9.87 	3	5	971.99 	1026.63 	53.88 
62	-11.93 	13.07 	3	2	320.63 	379.16 	59.34 
63	-10.37 	11.63 	3	3	213.98 	272.85 	64.02 
64	-5.55 	16.73 	3	2	834.41 	883.15 	61.70 
65	-10.23 	12.90 	3	3	1138.35 	1194.25 	56.10 
66	-11.13 	14.04 	3	4	983.31 	1042.48 	56.31 
67	-10.22 	12.71 	3	2	1107.11 	1158.71 	59.31 
68	-12.28 	8.56 	3	2	1034.56 	1089.46 	46.15 
69	-9.56 	11.36 	3	4	851.84 	909.66 	64.04 
70	-9.99 	8.27 	3	1	850.91 	905.03 	61.39 
71	-7.51 	8.39 	3	3	834.94 	900.26 	57.70 
72	-9.63 	15.48 	3	1	155.93 	206.53 	59.26 
73	-11.84 	6.80 	3	1	269.45 	321.98 	58.42 
74	-13.64 	10.65 	3	1	961.75 	1023.87 	45.61 
75	-10.02 	5.98 	3	5	901.63 	957.97 	62.02 
76	20.58 	16.57 	4	3	43.37 	92.65 	56.41 
77	17.52 	17.66 	4	5	561.94 	614.83 	56.41 
78	20.30 	15.02 	4	3	1008.47 	1072.68 	60.54 
79	16.62 	13.42 	4	2	185.16 	238.91 	62.65 
80	22.87 	17.59 	4	3	1004.19 	1053.78 	58.34 
81	18.68 	14.09 	4	5	307.55 	366.07 	62.98 
82	20.16 	16.81 	4	2	843.46 	891.55 	46.86 
83	18.33 	14.86 	4	1	316.66 	371.23 	54.91 
84	20.38 	19.67 	4	2	574.15 	620.84 	45.38 
85	15.26 	18.20 	4	3	283.33 	341.27 	57.87 
86	19.67 	18.34 	4	1	873.06 	928.06 	59.51 
87	17.13 	15.02 	4	5	839.04 	889.68 	50.65 
88	13.44 	15.40 	4	3	693.01 	749.29 	52.12 
89	21.73 	13.64 	4	1	927.08 	981.29 	45.32 
90	19.84 	17.68 	4	1	184.69 	249.02 	51.09 
91	20.51 	13.68 	4	2	567.04 	621.00 	62.78 
92	17.35 	10.76 	4	4	474.79 	527.11 	50.80 
93	15.64 	15.54 	4	4	1099.59 	1145.15 	60.76 
94	18.06 	17.68 	4	2	1017.94 	1060.32 	49.56 
95	17.77 	15.56 	4	3	393.35 	452.14 	53.41 
96	21.70 	18.76 	4	5	190.58 	244.94 	63.39 
97	23.16 	16.27 	4	2	104.91 	160.60 	56.30 
98	23.32 	15.46 	4	1	650.55 	707.18 	50.06 
99	22.06 	15.98 	4	1	99.07 	154.38 	47.20 
100	17.52 	15.54 	4	5	690.66 	749.03 	63.85 
