48           10              8              2                4             56     

1	1	1	0	1200	400	600	30
2	1	3	0	1200	400	600	30
3	2	1	0	1200	400	600	30
4	2	3	0	1200	400	600	30
5	3	1	0	1200	400	600	30
6	3	3	0	1200	400	600	30
7	4	2	0	1200	400	600	30
8	4	3	0	1200	400	600	30
9	0	5	0	1200	400	600	30
10	0	5	0	1200	400	600	30


1              0 	75        1              
2              0 	75        1             
3              75 	  0        2              
4              75 	  0        2             
5               0            -75        3              
6               0            -75        3             
7              -75             0        4              
8              -75             0        4             

1	12.77 	65.57 	1	4	656.38 	687.72 	50.18 
2	-7.91 	93.21 	1	1	459.22 	488.04 	59.86 
3	-16.98 	96.00 	1	1	882.05 	909.90 	56.84 
4	32.51 	76.86 	1	3	367.62 	399.07 	46.24 
5	-2.30 	67.25 	1	1	639.38 	664.86 	50.12 
6	17.92 	65.41 	1	2	388.81 	405.47 	51.87 
7	-22.47 	82.58 	1	3	354.78 	385.65 	56.33 
8	9.06 	42.99 	1	4	237.75 	263.69 	55.23 
9	28.98 	54.33 	1	2	555.90 	581.28 	57.01 
10	-30.32 	105.65 	1	3	621.71 	649.43 	64.27 
11	-6.44 	104.65 	1	2	737.12 	768.82 	56.22 
12	-5.83 	101.80 	1	5	1110.17 	1139.58 	46.90 
13	77.95 	-0.87 	2	3	406.00 	438.34 	46.05 
14	80.03 	-15.20 	2	5	1163.74 	1188.55 	56.10 
15	67.10 	2.47 	2	3	1147.23 	1176.08 	53.71 
16	97.81 	-20.78 	2	4	286.40 	314.83 	52.47 
17	98.94 	-16.34 	2	2	248.31 	277.43 	50.32 
18	80.28 	9.30 	2	1	740.53 	762.68 	61.38 
19	70.16 	4.00 	2	2	919.38 	940.27 	51.62 
20	85.00 	25.60 	2	1	202.23 	216.50 	54.49 
21	68.80 	-30.66 	2	1	506.55 	538.71 	45.11 
22	105.81 	-16.38 	2	4	235.77 	270.03 	46.36 
23	64.70 	2.79 	2	2	758.22 	782.51 	54.21 
24	101.02 	17.51 	2	3	594.15 	615.91 	56.81 
25	28.31 	-96.65 	3	2	482.87 	502.37 	58.70 
26	-16.63 	-57.81 	3	1	78.86 	97.48 	61.36 
27	-13.12 	-78.93 	3	4	684.17 	705.33 	64.76 
28	3.32 	-52.35 	3	3	1144.69 	1166.59 	60.75 
29	2.10 	-49.30 	3	4	73.12 	105.40 	55.52 
30	0.61 	-40.40 	3	1	98.96 	127.69 	45.75 
31	-31.61 	-90.01 	3	2	832.04 	852.68 	45.65 
32	-6.77 	-88.79 	3	1	311.12 	342.62 	63.73 
33	31.58 	-72.53 	3	5	372.51 	396.21 	56.95 
34	-29.41 	-72.29 	3	2	279.91 	305.47 	49.61 
35	-10.59 	-55.56 	3	3	178.62 	201.30 	51.24 
36	20.79 	-98.49 	3	3	1018.88 	1040.80 	62.19 
37	-58.79 	-20.43 	4	4	480.09 	497.82 	62.21 
38	-48.35 	34.60 	4	4	118.54 	140.58 	60.65 
39	-107.35 	-9.56 	4	1	959.43 	982.47 	53.10 
40	-84.78 	-25.30 	4	1	538.94 	560.39 	64.82 
41	-85.37 	7.35 	4	2	101.87 	123.24 	49.66 
42	-43.67 	22.20 	4	4	491.08 	523.47 	63.39 
43	-43.88 	7.38 	4	3	1122.50 	1139.87 	64.38 
44	-78.18 	18.34 	4	3	62.29 	91.95 	61.77 
45	-108.82 	19.08 	4	3	594.05 	625.87 	49.14 
46	-40.99 	-34.60 	4	2	673.07 	702.90 	57.29 
47	-81.23 	24.65 	4	2	804.51 	826.13 	63.09 
48	-70.03 	15.05 	4	1	627.19 	648.96 	50.49 
