48           10              8              2                4             56     

1	1	1	0	1200	400	600	30
2	1	3	0	1200	400	600	30
3	2	1	0	1200	400	600	30
4	2	3	0	1200	400	600	30
5	3	1	0	1200	400	600	30
6	3	3	0	1200	400	600	30
7	4	2	0	1200	400	600	30
8	4	3	0	1200	400	600	30
9	0	5	0	1200	400	600	30
10	0	5	0	1200	400	600	30


1              -3.19 	-8.60        1              
2              -3.19 	-8.60        1             
3              3.88	  6.92        2              
4              3.88	  6.92        2             
5              -14.67         4.20       3              
6               -14.67        4.20       3             
7              9.32           23.38      4              
8              9.32           23.38       4             

1	-3.04 	-10.14 	1	4	34.61 	94.35 	63.97 
2	-2.61 	-5.92 	1	5	526.89 	571.80 	63.94 
3	-1.36 	-7.84 	1	1	36.83 	86.15 	49.74 
4	-3.86 	-8.53 	1	1	1081.20 	1125.94 	56.71 
5	-2.88 	-7.91 	1	3	1126.30 	1190.50 	51.93 
6	-1.65 	-8.43 	1	3	381.10 	430.99 	59.33 
7	-3.55 	-10.68 	1	2	1150.80 	1198.08 	53.06 
8	-1.91 	-6.83 	1	4	449.40 	510.00 	46.55 
9	-3.46 	-11.84 	1	2	403.76 	457.53 	46.46 
10	-3.48 	-8.93 	1	1	170.79 	227.20 	48.17 
11	-5.15 	-6.00 	1	2	60.79 	116.78 	62.06 
12	-5.28 	-10.08 	1	3	114.46 	159.65 	64.27 
13	1.49 	7.13 	2	2	194.96 	255.35 	63.15 
14	6.66 	8.12 	2	3	723.71 	774.93 	55.84 
15	5.97 	5.51 	2	5	947.00 	994.94 	60.00 
16	5.34 	7.53 	2	1	996.06 	1047.25 	60.21 
17	5.36 	9.98 	2	1	518.21 	582.05 	63.69 
18	5.75 	8.08 	2	4	696.04 	758.47 	58.69 
19	1.63 	5.01 	2	3	451.39 	508.54 	61.53 
20	1.33 	6.57 	2	3	776.61 	829.32 	54.65 
21	2.72 	4.03 	2	4	167.94 	219.59 	54.98 
22	3.95 	6.75 	2	2	386.94 	444.69 	58.10 
23	3.81 	6.15 	2	2	176.22 	230.20 	53.64 
24	2.55 	8.22 	2	1	500.69 	558.09 	46.15 
25	-15.74 	2.19 	3	3	312.86 	353.42 	63.98 
26	-14.67 	6.49 	3	1	145.70 	206.00 	47.26 
27	-15.57 	0.50 	3	4	529.28 	582.33 	56.68 
28	-17.92 	1.71 	3	3	175.16 	246.37 	63.51 
29	-15.56 	4.02 	3	3	517.94 	566.22 	60.08 
30	-13.70 	7.90 	3	2	248.81 	294.95 	63.47 
31	-11.75 	7.26 	3	4	372.08 	412.70 	50.98 
32	-14.14 	4.12 	3	5	564.09 	618.19 	63.65 
33	-16.53 	2.61 	3	2	960.88 	1015.28 	57.68 
34	-12.02 	7.01 	3	1	1024.23 	1080.27 	57.11 
35	-14.74 	0.48 	3	2	1149.71 	1217.60 	49.31 
36	-13.69 	6.10 	3	1	526.86 	585.46 	64.31 
37	13.07 	18.70 	4	2	268.82 	318.08 	56.69 
38	5.75 	26.59 	4	2	85.76 	141.26 	53.42 
39	11.86 	21.73 	4	4	97.24 	151.70 	51.14 
40	12.82 	20.27 	4	4	428.84 	487.38 	53.57 
41	11.18 	23.73 	4	1	719.47 	770.73 	55.79 
42	6.31 	28.03 	4	1	635.08 	688.35 	55.31 
43	6.10 	27.10 	4	2	87.59 	132.23 	63.15 
44	6.62 	28.15 	4	3	970.81 	1035.92 	50.67 
45	10.00 	23.08 	4	3	959.69 	1025.70 	63.03 
46	6.00 	23.90 	4	1	266.32 	320.97 	52.12 
47	9.12 	22.07 	4	3	563.15 	621.36 	47.31 
48	12.97 	17.20 	4	4	1003.26 	1062.46 	51.61 
