100          16            12              4                4             108


1	1	2	0	1200	400	600	30
2	1	2	0	1200	400	600	30
3	1	3	0	1200	400	600	30
4	2	2	0	1200	400	600	30
5	2	2	0	1200	400	600	30
6	2	3	0	1200	400	600	30
7	3	1	0	1200	400	600	30
8	3	2	0	1200	400	600	30
9	3	3	0	1200	400	600	30
10	4	2	0	1200	400	600	30
11	4	2	0	1200	400	600	30
12	4	3	0	1200	400	600	30
13	0	5	0	1200	400	600	30
14	0	5	0	1200	400	600	30
15	0	5	0	1200	400	600	30
16	0	5	0	1200	400	600	30


1             -9.66 	-1.73        1              
2              9.66 	-1.73        1             
3             10.99 	1.66         2              
4              10.99 	1.66         2             
5              2.75 	-17.26      3              
6              2.75 	-17.26      3             
7              31.26 	4.68         4              
8              31.26 	4.68         4             

1	-11.67 	1.18 	1	1	316.38 	340.60 	59.37 
2	-16.26 	2.53 	1	2	1148.61 	1173.32 	60.59 
3	-10.29 	-4.43 	1	3	726.79 	747.47 	64.17 
4	-10.47 	-2.06 	1	1	1108.93 	1131.76 	51.67 
5	-7.17 	1.27 	1	5	518.25 	544.12 	48.08 
6	-9.79 	-4.38 	1	4	1083.80 	1123.77 	64.44 
7	-8.87 	0.03 	1	2	1044.47 	1083.22 	61.15 
8	-13.68 	-2.35 	1	1	1143.99 	1171.72 	50.69 
9	-6.09 	-4.29 	1	5	471.63 	497.94 	49.03 
10	-7.86 	-7.27 	1	3	1092.04 	1114.53 	57.30 
11	-10.95 	-0.26 	1	2	814.89 	847.68 	56.08 
12	-6.01 	-0.19 	1	3	1102.37 	1118.05 	52.09 
13	-8.80 	-1.74 	1	4	1141.33 	1172.23 	46.64 
14	-7.93 	-1.71 	1	2	663.85 	678.94 	48.90 
15	-11.34 	-1.81 	1	1	868.78 	893.30 	47.51 
16	-9.11 	-0.40 	1	4	961.96 	983.23 	49.38 
17	-10.08 	-3.65 	1	1	94.09 	114.99 	48.97 
18	-8.91 	-4.38 	1	1	899.30 	922.02 	64.88 
19	-11.09 	-1.62 	1	2	376.55 	401.78 	46.92 
20	-6.50 	0.12 	1	2	46.87 	76.39 	53.81 
21	-9.17 	-2.35 	1	4	192.80 	219.78 	46.81 
22	-12.82 	-1.61 	1	3	369.13 	399.61 	61.19 
23	-11.17 	-5.24 	1	3	288.00 	318.78 	55.67 
24	-6.56 	0.89 	1	4	148.98 	172.73 	54.27 
25	-8.82 	0.56 	1	3	878.51 	896.58 	45.63 
26	10.97 	2.79 	2	4	557.87 	588.89 	49.12 
27	18.11 	1.23 	2	3	303.00 	334.76 	62.19 
28	12.13 	1.01 	2	1	198.83 	229.30 	51.42 
29	10.18 	3.86 	2	2	1086.82 	1119.24 	45.93 
30	9.34 	2.51 	2	2	553.16 	577.68 	49.53 
31	12.45 	-0.12 	2	4	1170.24 	1192.76 	56.87 
32	5.61 	2.48 	2	2	47.51 	71.44 	47.80 
33	9.14 	3.24 	2	1	340.98 	365.80 	50.62 
34	12.60 	-1.45 	2	4	660.23 	675.69 	47.54 
35	8.34 	1.17 	2	4	467.04 	495.14 	52.51 
36	13.19 	3.23 	2	2	946.52 	978.71 	48.14 
37	11.82 	3.26 	2	1	223.27 	250.18 	52.92 
38	14.00 	0.58 	2	4	293.13 	320.27 	51.68 
39	14.74 	2.15 	2	1	1015.56 	1049.23 	54.42 
40	13.66 	-0.96 	2	1	318.74 	352.44 	63.96 
41	11.55 	0.60 	2	3	801.92 	827.15 	58.39 
42	7.60 	2.74 	2	3	668.03 	697.54 	50.80 
43	14.04 	-0.44 	2	2	860.80 	881.99 	54.61 
44	7.16 	2.64 	2	4	542.12 	571.89 	63.78 
45	13.81 	2.03 	2	3	298.10 	313.16 	54.63 
46	9.47 	0.06 	2	3	278.42 	303.42 	64.98 
47	5.45 	3.06 	2	1	563.04 	588.92 	47.95 
48	9.45 	0.24 	2	2	943.38 	971.70 	45.47 
49	13.49 	3.60 	2	3	1170.59 	1202.05 	54.69 
50	6.55 	2.00 	2	5	796.65 	816.34 	63.55 
51	0.58 	-17.44 	3	3	365.50 	401.39 	55.65 
52	1.02 	-11.55 	3	5	366.04 	400.01 	59.21 
53	3.41 	-14.75 	3	1	555.80 	577.17 	58.75 
54	5.26 	-15.41 	3	4	1032.39 	1054.81 	60.24 
55	1.25 	-15.30 	3	1	151.48 	182.53 	64.99 
56	6.24 	-17.08 	3	1	97.90 	129.81 	62.19 
57	0.59 	-19.57 	3	3	1076.06 	1097.73 	55.46 
58	5.00 	-14.59 	3	3	1031.03 	1057.83 	51.55 
59	6.34 	-15.59 	3	4	207.25 	231.57 	49.35 
60	8.34 	-20.77 	3	2	1157.22 	1188.50 	59.25 
61	1.25 	-17.24 	3	4	278.23 	309.81 	52.11 
62	9.46 	-14.78 	3	3	44.99 	71.87 	64.15 
63	-3.17 	-23.26 	3	2	838.38 	863.94 	48.20 
64	2.67 	-20.82 	3	2	49.90 	75.26 	63.41 
65	-0.56 	-18.50 	3	2	348.56 	374.01 	48.44 
66	-0.45 	-22.32 	3	1	794.82 	820.97 	62.62 
67	3.12 	-19.05 	3	1	859.21 	887.65 	45.27 
68	-1.85 	-18.76 	3	1	1012.90 	1035.40 	60.09 
69	4.54 	-14.88 	3	2	773.13 	792.40 	60.01 
70	3.25 	-13.07 	3	4	60.16 	82.10 	57.83 
71	3.47 	-17.42 	3	4	765.37 	775.71 	53.14 
72	4.27 	-14.95 	3	4	250.14 	282.66 	45.03 
73	2.84 	-22.55 	3	3	39.27 	64.98 	47.09 
74	2.26 	-12.36 	3	2	993.43 	1012.59 	58.00 
75	-0.40 	-19.62 	3	3	611.79 	638.43 	60.72 
76	31.96 	6.81 	4	2	180.23 	209.67 	47.33 
77	30.81 	1.31 	4	4	941.40 	974.28 	59.28 
78	27.24 	4.48 	4	1	979.19 	1001.66 	57.38 
79	26.70 	6.17 	4	4	65.22 	86.89 	59.34 
80	31.23 	4.49 	4	4	839.81 	871.04 	51.83 
81	25.91 	7.33 	4	5	370.11 	402.57 	60.02 
82	31.89 	5.92 	4	4	950.94 	980.73 	49.11 
83	31.20 	7.57 	4	2	657.64 	673.97 	64.17 
84	27.66 	4.57 	4	2	1087.52 	1113.71 	60.45 
85	34.24 	1.50 	4	3	166.87 	198.64 	64.88 
86	29.67 	2.35 	4	1	386.28 	422.62 	46.82 
87	36.63 	-0.46 	4	3	736.24 	762.15 	61.45 
88	34.35 	3.42 	4	1	476.32 	498.19 	52.32 
89	30.72 	6.98 	4	5	274.25 	292.04 	52.09 
90	31.02 	1.78 	4	2	67.20 	89.89 	55.22 
91	34.00 	3.68 	4	3	1065.73 	1090.62 	54.49 
92	30.76 	4.39 	4	3	265.10 	288.26 	59.32 
93	33.34 	3.56 	4	1	940.82 	966.04 	49.51 
94	29.72 	7.71 	4	3	548.35 	577.02 	62.99 
95	33.33 	9.56 	4	4	924.43 	947.25 	47.71 
96	32.90 	5.61 	4	1	1041.67 	1057.14 	49.99 
97	29.42 	1.97 	4	3	554.08 	583.61 	59.39 
98	31.55 	4.27 	4	1	259.56 	287.99 	61.67 
99	29.16 	12.08 	4	2	155.95 	183.71 	50.56 
100	36.21 	0.00 	4	2	495.69 	525.65 	53.36 
