24           5              4              1                2             28


1	1	2	0	1200	400	600	30
2	1	3	0	1200	400	600	30
3	2	1	0	1200	400	600	30
4	2	3	0	1200	400	600	30
5	0	5	0	1200	400	600	30


1             -9.29 	-5.50        1              
2             -9.29 	-5.50        1             
3              8.76	 5.63        2              
4              8.76	 5.63        2             

1	-10.09 	-5.03 	1	1	645.92 	659.93 	53.83 
2	-8.73 	-3.32 	1	3	611.94 	641.61 	45.49 
3	-6.28 	-6.56 	1	5	864.08 	901.81 	56.74 
4	-7.04 	-4.77 	1	4	246.52 	272.50 	53.77 
5	-6.70 	-4.89 	1	2	239.21 	277.96 	45.87 
6	-13.83 	-3.83 	1	3	740.90 	779.82 	59.03 
7	-8.22 	-2.94 	1	1	143.98 	167.01 	63.44 
8	-9.69 	-4.92 	1	2	949.57 	978.85 	63.60 
9	-11.92 	-6.22 	1	3	1136.33 	1153.94 	56.41 
10	-13.48 	-8.11 	1	1	1017.70 	1051.85 	62.45 
11	-4.79 	-6.50 	1	2	882.08 	898.74 	59.71 
12	-10.66 	-8.95 	1	4	811.93 	845.98 	45.67 
13	6.32 	-0.06 	2	3	59.68 	97.24 	56.24 
14	9.97 	6.75 	2	1	404.29 	431.62 	46.97 
15	6.28 	11.64 	2	3	61.86 	89.15 	46.65 
16	14.64 	4.82 	2	2	290.10 	318.84 	48.00 
17	12.40 	2.80 	2	3	583.16 	594.28 	60.87 
18	6.62 	6.69 	2	2	130.13 	154.60 	58.20 
19	14.37 	5.48 	2	1	1021.80 	1041.84 	50.12 
20	6.56 	6.71 	2	4	931.29 	964.56 	55.88 
21	10.00 	4.76 	2	1	37.86 	62.38 	52.61 
22	4.08 	1.85 	2	2	1124.08 	1153.63 	62.26 
23	10.01 	10.68 	2	4	530.10 	550.42 	55.94 
24	3.91 	5.49 	2	4	806.92 	824.18 	49.73 


