400           64             48              16               8             416


1	1	1	0	1200	400	600	30
2	1	1	0	1200	400	600	30
3	1	2	0	1200	400	600	30
4	1	2	0	1200	400	600	30
5	1	3	0	1200	400	600	30
6	1	3	0	1200	400	600	30
7	2	1	0	1200	400	600	30
8	2	1	0	1200	400	600	30
9	2	2	0	1200	400	600	30
10	2	2	0	1200	400	600	30
11	2	3	0	1200	400	600	30
12	2	3	0	1200	400	600	30
13	3	1	0	1200	400	600	30
14	3	1	0	1200	400	600	30
15	3	2	0	1200	400	600	30
16	3	2	0	1200	400	600	30
17	3	3	0	1200	400	600	30
18	3	3	0	1200	400	600	30
19	4	1	0	1200	400	600	30
20	4	1	0	1200	400	600	30
21	4	2	0	1200	400	600	30
22	4	2	0	1200	400	600	30
23	4	3	0	1200	400	600	30
24	4	3	0	1200	400	600	30
25	5	1	0	1200	400	600	30
26	5	1	0	1200	400	600	30
27	5	2	0	1200	400	600	30
28	5	2	0	1200	400	600	30
29	5	3	0	1200	400	600	30
30	5	3	0	1200	400	600	30
31	6	1	0	1200	400	600	30
32	6	1	0	1200	400	600	30
33	6	2	0	1200	400	600	30
34	6	2	0	1200	400	600	30
35	6	3	0	1200	400	600	30
36	6	3	0	1200	400	600	30
37	7	1	0	1200	400	600	30
38	7	1	0	1200	400	600	30
39	7	2	0	1200	400	600	30
40	7	2	0	1200	400	600	30
41	7	3	0	1200	400	600	30
42	7	3	0	1200	400	600	30
43	8	1	0	1200	400	600	30
44	8	1	0	1200	400	600	30
45	8	2	0	1200	400	600	30
46	8	2	0	1200	400	600	30
47	8	3	0	1200	400	600	30
48	8	3	0	1200	400	600	30
49	0	5	0	1200	400	600	30
50	0	5	0	1200	400	600	30
51	0	5	0	1200	400	600	30
52	0	5	0	1200	400	600	30
53	0	5	0	1200	400	600	30
54	0	5	0	1200	400	600	30
55	0	5	0	1200	400	600	30
56	0	5	0	1200	400	600	30
57	0	5	0	1200	400	600	30
58	0	5	0	1200	400	600	30
59	0	5	0	1200	400	600	30
60	0	5	0	1200	400	600	30
61	0	5	0	1200	400	600	30
62	0	5	0	1200	400	600	30
63	0	5	0	1200	400	600	30
64	0	5	0	1200	400	600	30


1              -9.78 	-1.53          1              
2              -9.78 	-1.53          1             
3                10.10 	2.22         2             
4                10.10 	2.22         2             
5               -4.01 	17.27          3              
6               -4.01 	17.27          3             
7              30.43 	6.79           4              
8              30.43 	6.79           4             
9               16.60 	22.04          5              
10             16.60 	22.04          5             
11            50.52 	10.73          6              
12            50.52 	10.73          6             
13               37.15 	25.82          7              
14               37.15 	25.82          7            
15              70.77 	15.48           8              
16              70.77 	15.48           8             


1	-9.98 	-5.19 	1	1	301.15 	332.19 	58.82 
2	-9.78 	1.35 	1	4	399.93 	426.91 	47.74 
3	-5.21 	4.46 	1	2	951.23 	973.36 	53.53 
4	-10.36 	-8.29 	1	2	991.94 	1017.37 	51.66 
5	-10.17 	-3.65 	1	3	344.77 	371.77 	62.36 
6	-5.45 	-0.70 	1	1	514.82 	546.73 	48.95 
7	-8.27 	0.06 	1	3	54.30 	78.82 	52.97 
8	-8.46 	-4.56 	1	3	657.30 	689.05 	63.93 
9	-8.28 	-2.45 	1	2	509.71 	535.01 	45.94 
10	-7.94 	1.06 	1	3	919.32 	956.93 	49.42 
11	-9.34 	0.35 	1	3	982.84 	1014.74 	49.69 
12	-10.41 	-2.11 	1	1	742.96 	769.41 	57.37 
13	-10.74 	-4.47 	1	1	1005.47 	1036.95 	60.18 
14	-8.91 	1.05 	1	5	1181.34 	1206.53 	55.27 
15	-12.11 	-6.65 	1	5	505.24 	524.88 	45.77 
16	-8.47 	-4.45 	1	1	229.82 	254.60 	52.24 
17	-4.72 	5.26 	1	2	639.60 	662.34 	53.38 
18	-5.37 	7.63 	1	5	1178.71 	1203.52 	46.57 
19	-10.65 	0.46 	1	1	317.09 	353.14 	61.74 
20	-11.71 	-3.52 	1	3	293.91 	319.46 	47.56 
21	-12.60 	-3.51 	1	1	1146.72 	1177.73 	60.54 
22	-14.51 	-2.55 	1	2	206.80 	229.96 	47.38 
23	-10.72 	-3.67 	1	5	241.84 	270.53 	53.04 
24	-9.74 	0.08 	1	5	788.27 	818.00 	60.82 
25	-11.60 	-8.47 	1	1	40.03 	71.39 	62.20 
26	-11.43 	-4.07 	1	1	497.41 	518.39 	49.36 
27	-12.50 	-2.36 	1	2	364.85 	381.46 	49.03 
28	-9.71 	-2.49 	1	3	1108.34 	1146.78 	51.30 
29	-6.26 	3.58 	1	2	304.69 	332.41 	48.93 
30	-4.05 	1.12 	1	4	290.18 	310.93 	45.06 
31	-8.73 	2.73 	1	3	852.74 	877.61 	58.42 
32	-13.83 	-7.52 	1	1	680.35 	709.49 	46.09 
33	-11.46 	-2.70 	1	5	419.40 	443.24 	61.31 
34	-12.58 	-8.20 	1	3	801.67 	822.29 	49.28 
35	-12.23 	-1.15 	1	2	1110.07 	1131.33 	64.13 
36	-10.91 	-8.68 	1	1	74.15 	92.70 	56.69 
37	-8.91 	3.67 	1	1	864.11 	885.13 	46.37 
38	-8.11 	1.10 	1	1	414.30 	439.33 	47.83 
39	-10.84 	-5.00 	1	2	1104.80 	1135.58 	59.77 
40	-9.53 	2.60 	1	3	1175.93 	1205.90 	51.60 
41	-11.32 	-0.79 	1	5	974.73 	989.90 	49.68 
42	-10.14 	-1.63 	1	2	1144.12 	1172.80 	49.17 
43	-11.57 	-4.56 	1	5	381.58 	413.86 	60.32 
44	-9.42 	3.92 	1	2	615.22 	651.84 	53.71 
45	-7.47 	4.20 	1	3	1176.17 	1207.00 	59.45 
46	-11.21 	-3.35 	1	5	396.40 	422.73 	52.07 
47	-7.68 	1.12 	1	5	354.57 	384.69 	56.60 
48	-8.42 	5.15 	1	3	900.03 	931.81 	56.71 
49	-10.00 	-4.43 	1	2	524.91 	561.48 	54.63 
50	-15.28 	-6.43 	1	1	1173.51 	1205.19 	50.37 
51	8.91 	6.51 	2	1	347.47 	376.46 	56.05 
52	13.82 	1.51 	2	4	515.05 	528.45 	52.20 
53	3.54 	4.37 	2	1	680.66 	693.42 	49.99 
54	13.62 	2.14 	2	2	959.92 	983.59 	63.71 
55	10.53 	3.20 	2	4	993.88 	1011.40 	48.05 
56	8.43 	2.28 	2	1	1099.61 	1126.63 	52.04 
57	12.87 	7.41 	2	2	823.48 	853.64 	60.11 
58	9.32 	0.45 	2	3	276.80 	292.18 	63.83 
59	3.89 	7.15 	2	1	106.49 	142.95 	57.19 
60	12.31 	-3.55 	2	5	703.98 	727.99 	52.80 
61	10.17 	5.15 	2	5	724.63 	749.55 	55.24 
62	10.61 	-0.90 	2	2	526.97 	557.60 	59.11 
63	11.00 	2.81 	2	1	364.74 	399.67 	54.51 
64	9.63 	-0.85 	2	5	454.53 	486.11 	48.44 
65	8.01 	4.51 	2	1	825.33 	839.90 	60.51 
66	7.09 	-0.61 	2	3	1113.11 	1127.51 	59.43 
67	11.94 	-6.57 	2	3	1144.80 	1173.04 	53.55 
68	9.65 	7.67 	2	2	924.18 	956.01 	48.02 
69	13.05 	-0.22 	2	1	739.20 	764.58 	64.72 
70	12.84 	0.82 	2	2	684.02 	707.74 	50.12 
71	7.67 	1.06 	2	3	266.23 	303.74 	45.31 
72	17.58 	4.39 	2	5	974.48 	993.51 	64.05 
73	11.51 	2.13 	2	2	251.84 	271.82 	58.74 
74	4.84 	1.48 	2	3	1009.45 	1038.06 	62.62 
75	3.65 	-1.22 	2	3	441.22 	471.68 	52.72 
76	8.08 	-3.03 	2	2	1087.37 	1115.25 	63.98 
77	8.93 	6.16 	2	1	793.05 	815.87 	50.47 
78	14.04 	2.27 	2	3	923.05 	953.57 	58.10 
79	14.27 	-0.57 	2	5	606.64 	641.53 	54.25 
80	13.45 	-0.05 	2	1	489.61 	519.48 	54.49 
81	7.14 	1.53 	2	1	859.50 	890.45 	45.37 
82	12.09 	10.00 	2	1	297.51 	309.60 	55.99 
83	7.16 	2.95 	2	2	824.53 	856.46 	47.93 
84	12.54 	4.44 	2	3	598.03 	622.08 	49.41 
85	9.91 	2.77 	2	1	245.42 	260.88 	61.46 
86	4.57 	-2.46 	2	5	866.37 	895.10 	62.03 
87	9.68 	1.10 	2	3	904.33 	931.50 	58.37 
88	8.54 	4.58 	2	1	845.78 	870.33 	61.65 
89	5.56 	0.50 	2	1	1171.80 	1210.57 	64.84 
90	10.40 	4.20 	2	3	1111.88 	1137.32 	45.47 
91	9.57 	0.71 	2	2	333.87 	371.00 	59.32 
92	9.12 	3.15 	2	5	736.80 	772.79 	57.44 
93	11.78 	2.60 	2	5	677.98 	697.93 	61.12 
94	10.88 	3.69 	2	2	599.12 	636.36 	55.35 
95	15.14 	2.36 	2	3	788.73 	819.90 	56.67 
96	10.88 	5.02 	2	2	289.41 	326.90 	48.69 
97	8.96 	5.18 	2	3	1057.89 	1082.98 	49.36 
98	11.81 	2.43 	2	5	485.75 	512.88 	55.95 
99	10.89 	-0.89 	2	2	42.73 	61.11 	46.88 
100	12.93 	1.07 	2	5	1052.45 	1077.93 	46.35 
101	-6.05 	16.63 	3	1	188.59 	220.69 	56.99 
102	-2.38 	15.53 	3	2	1099.30 	1122.32 	63.31 
103	-3.02 	16.85 	3	1	388.78 	411.44 	45.19 
104	-5.32 	17.90 	3	5	369.57 	401.26 	59.95 
105	-4.69 	14.66 	3	5	803.04 	822.43 	52.78 
106	-7.30 	16.88 	3	5	843.66 	879.21 	58.67 
107	-6.14 	19.46 	3	3	795.55 	819.87 	58.76 
108	-10.76 	16.48 	3	4	247.60 	276.87 	51.22 
109	-4.02 	14.63 	3	5	74.71 	103.77 	60.33 
110	-5.93 	17.54 	3	2	1178.54 	1203.17 	53.56 
111	-5.42 	16.04 	3	5	886.83 	914.57 	50.24 
112	-7.07 	16.24 	3	1	1150.80 	1181.67 	62.54 
113	-2.75 	19.10 	3	3	349.53 	375.81 	45.44 
114	-3.94 	17.42 	3	5	50.12 	79.48 	55.38 
115	-0.57 	16.66 	3	2	960.39 	986.46 	50.07 
116	-4.12 	20.69 	3	3	903.74 	923.98 	61.95 
117	-3.58 	18.79 	3	2	274.25 	321.87 	53.95 
118	-6.87 	19.84 	3	4	1115.94 	1131.67 	56.71 
119	-1.72 	20.40 	3	3	406.78 	435.15 	55.53 
120	-3.91 	16.99 	3	2	215.34 	239.15 	61.23 
121	1.62 	20.49 	3	2	1058.03 	1083.13 	58.55 
122	-3.38 	17.20 	3	3	463.43 	490.93 	61.31 
123	-3.15 	15.71 	3	1	347.15 	383.36 	49.10 
124	-3.97 	16.68 	3	1	470.76 	496.33 	63.86 
125	-2.96 	18.33 	3	3	255.27 	281.02 	59.23 
126	-4.01 	16.04 	3	3	85.57 	112.88 	63.05 
127	-4.89 	16.64 	3	1	673.23 	701.18 	53.88 
128	-1.58 	18.30 	3	2	845.85 	863.33 	61.24 
129	-5.59 	16.29 	3	2	680.32 	704.49 	63.52 
130	-3.96 	18.75 	3	1	750.43 	767.48 	57.10 
131	-5.07 	14.97 	3	2	588.25 	623.67 	55.85 
132	-3.09 	16.74 	3	5	142.76 	171.05 	55.84 
133	-1.47 	21.02 	3	1	667.53 	702.44 	55.49 
134	-6.20 	17.64 	3	2	130.93 	161.76 	48.40 
135	-2.29 	17.76 	3	1	533.49 	562.54 	59.61 
136	-3.55 	13.30 	3	1	940.81 	976.77 	56.15 
137	-2.83 	14.63 	3	5	543.17 	572.51 	48.16 
138	-4.75 	19.12 	3	3	572.49 	597.85 	56.71 
139	-1.95 	17.51 	3	3	573.08 	597.89 	59.31 
140	-3.05 	17.97 	3	5	222.84 	249.30 	61.95 
141	1.30 	14.41 	3	2	956.23 	981.51 	46.06 
142	-1.24 	14.06 	3	2	1018.81 	1055.03 	51.87 
143	-2.75 	16.11 	3	1	651.43 	675.80 	56.06 
144	-5.21 	19.42 	3	1	649.54 	672.45 	46.04 
145	-11.29 	19.73 	3	5	844.23 	863.24 	51.88 
146	-2.57 	17.00 	3	3	1054.75 	1068.10 	58.81 
147	-4.81 	18.46 	3	1	138.81 	173.07 	62.08 
148	-3.60 	17.52 	3	1	998.67 	1017.87 	47.07 
149	-5.08 	17.10 	3	3	512.35 	542.36 	60.74 
150	-3.70 	15.82 	3	3	217.56 	252.39 	50.29 
151	26.68 	7.01 	4	2	1009.72 	1047.08 	62.56 
152	29.13 	4.22 	4	3	437.45 	474.89 	61.23 
153	31.99 	10.32 	4	2	1153.48 	1171.21 	62.11 
154	29.01 	8.95 	4	1	122.34 	146.84 	61.89 
155	28.27 	6.26 	4	5	503.49 	523.68 	54.46 
156	31.12 	7.05 	4	5	166.13 	182.44 	62.05 
157	29.14 	8.54 	4	2	719.63 	737.01 	56.36 
158	31.35 	5.91 	4	1	568.48 	607.71 	61.82 
159	30.88 	7.40 	4	5	575.06 	608.32 	61.65 
160	28.50 	4.99 	4	3	683.76 	703.61 	57.64 
161	29.65 	6.71 	4	1	810.47 	833.43 	46.68 
162	30.02 	5.71 	4	3	811.77 	839.93 	53.05 
163	29.56 	6.05 	4	1	64.11 	90.59 	58.15 
164	31.06 	8.90 	4	2	1004.15 	1035.75 	58.91 
165	31.55 	5.11 	4	3	620.42 	650.88 	48.86 
166	31.01 	8.72 	4	3	1138.43 	1153.94 	52.86 
167	31.50 	8.58 	4	1	877.23 	905.87 	51.35 
168	30.43 	5.96 	4	1	145.71 	176.10 	62.89 
169	30.82 	6.59 	4	3	439.76 	468.87 	64.14 
170	31.06 	5.24 	4	5	453.28 	474.96 	51.28 
171	32.23 	5.14 	4	1	112.00 	139.05 	48.61 
172	29.59 	6.22 	4	2	1127.06 	1143.48 	55.42 
173	32.02 	5.54 	4	3	701.80 	738.15 	50.36 
174	31.29 	5.53 	4	3	698.93 	727.81 	56.23 
175	33.44 	6.78 	4	1	413.26 	434.71 	61.47 
176	30.60 	6.78 	4	1	715.49 	743.16 	51.83 
177	30.58 	4.77 	4	2	370.07 	378.17 	53.66 
178	28.86 	8.68 	4	1	640.32 	648.38 	62.47 
179	31.65 	6.92 	4	1	632.70 	650.60 	52.37 
180	30.29 	7.81 	4	2	858.26 	893.19 	46.44 
181	31.36 	8.11 	4	5	294.46 	316.68 	46.93 
182	30.40 	7.14 	4	1	759.47 	784.67 	48.22 
183	30.22 	9.35 	4	2	743.22 	764.32 	56.53 
184	30.03 	7.58 	4	2	985.39 	1006.04 	57.17 
185	30.61 	5.30 	4	3	1054.50 	1071.72 	51.88 
186	32.45 	9.00 	4	5	877.55 	903.41 	57.86 
187	29.91 	4.69 	4	2	991.32 	1016.45 	50.81 
188	31.33 	9.35 	4	5	1166.73 	1191.57 	63.95 
189	31.58 	5.91 	4	3	689.05 	718.16 	64.69 
190	30.38 	5.47 	4	4	249.24 	284.09 	58.28 
191	29.49 	7.96 	4	1	519.58 	540.91 	62.11 
192	31.37 	6.54 	4	3	257.52 	278.76 	54.02 
193	31.46 	5.26 	4	5	953.40 	980.48 	56.17 
194	29.19 	6.16 	4	1	188.55 	220.77 	62.72 
195	27.60 	7.39 	4	5	256.64 	270.83 	50.77 
196	27.84 	6.24 	4	2	430.05 	455.89 	55.63 
197	30.98 	5.96 	4	4	906.50 	933.72 	62.92 
198	29.42 	7.13 	4	5	508.34 	529.60 	56.71 
199	30.04 	6.91 	4	3	623.83 	659.54 	57.17 
200	32.42 	5.66 	4	2	365.23 	393.99 	63.50 
201	20.27 	18.27 	5	1	1170.09 	1187.36 	63.34 
202	15.50 	23.18 	5	5	261.60 	287.60 	54.64 
203	15.04 	23.88 	5	2	108.91 	135.43 	56.04 
204	15.76 	24.95 	5	3	1126.75 	1163.99 	45.75 
205	26.89 	18.63 	5	4	676.10 	702.03 	54.86 
206	19.07 	20.08 	5	3	145.85 	172.03 	45.91 
207	10.36 	22.97 	5	3	299.47 	328.79 	62.33 
208	16.11 	23.56 	5	5	828.06 	864.55 	49.16 
209	16.73 	22.97 	5	1	862.58 	875.83 	57.85 
210	16.35 	19.76 	5	2	871.51 	894.32 	56.12 
211	20.92 	21.00 	5	2	1046.50 	1080.14 	59.67 
212	17.08 	17.50 	5	1	1027.85 	1054.22 	52.46 
213	13.59 	17.56 	5	4	580.52 	608.41 	49.25 
214	12.66 	23.96 	5	2	1102.84 	1133.94 	61.59 
215	16.31 	24.70 	5	2	634.61 	667.25 	56.82 
216	13.87 	19.97 	5	1	230.73 	262.55 	48.29 
217	18.27 	20.98 	5	5	819.47 	834.85 	58.68 
218	19.91 	20.45 	5	5	725.37 	750.89 	64.54 
219	17.10 	20.38 	5	2	562.43 	582.31 	46.87 
220	15.46 	22.48 	5	3	1125.04 	1154.82 	61.75 
221	18.40 	26.34 	5	5	627.09 	651.39 	53.78 
222	19.37 	26.30 	5	3	1050.92 	1073.61 	49.95 
223	13.85 	17.72 	5	3	974.80 	993.83 	61.16 
224	15.53 	24.99 	5	4	53.81 	69.30 	52.15 
225	16.50 	21.02 	5	5	1148.40 	1178.93 	50.75 
226	14.22 	21.11 	5	1	778.11 	803.18 	61.71 
227	18.37 	23.43 	5	1	735.16 	760.33 	53.96 
228	18.12 	21.64 	5	3	710.83 	734.54 	64.67 
229	15.78 	27.91 	5	2	623.56 	653.44 	59.54 
230	15.53 	24.30 	5	5	54.12 	68.63 	54.28 
231	15.15 	21.63 	5	1	221.89 	256.60 	50.45 
232	19.13 	24.62 	5	5	929.52 	946.08 	51.17 
233	17.07 	22.76 	5	3	269.49 	290.25 	45.36 
234	14.42 	21.00 	5	2	594.48 	616.08 	50.85 
235	19.73 	20.91 	5	1	1179.03 	1199.28 	52.08 
236	16.81 	20.79 	5	5	533.93 	557.23 	49.12 
237	18.80 	22.87 	5	3	150.80 	180.13 	55.13 
238	18.17 	17.44 	5	1	398.56 	412.98 	52.51 
239	18.26 	22.24 	5	1	936.18 	973.52 	46.80 
240	15.30 	20.40 	5	2	884.75 	907.94 	48.30 
241	15.18 	27.48 	5	2	419.20 	455.76 	58.32 
242	13.65 	20.56 	5	3	669.67 	698.25 	54.39 
243	10.79 	24.80 	5	2	962.57 	992.10 	48.29 
244	12.12 	22.61 	5	1	683.26 	718.51 	45.33 
245	15.58 	21.08 	5	3	884.76 	899.52 	48.80 
246	15.73 	22.34 	5	2	264.04 	287.82 	45.50 
247	16.84 	21.40 	5	1	866.74 	899.92 	55.24 
248	17.49 	19.24 	5	1	129.84 	159.03 	56.34 
249	22.41 	20.84 	5	3	41.25 	65.43 	51.85 
250	14.28 	25.14 	5	5	796.97 	828.98 	52.53 
251	53.38 	9.55 	6	3	756.04 	781.52 	57.42 
252	53.87 	12.13 	6	3	114.29 	146.14 	57.33 
253	51.47 	16.09 	6	4	585.86 	613.63 	50.85 
254	48.63 	10.74 	6	5	565.77 	588.88 	56.54 
255	49.36 	11.07 	6	5	1148.69 	1171.53 	54.41 
256	47.43 	11.67 	6	2	80.52 	110.58 	45.98 
257	53.49 	9.91 	6	1	476.36 	519.58 	55.11 
258	52.58 	10.49 	6	5	75.31 	108.25 	55.42 
259	50.68 	11.60 	6	3	969.75 	984.66 	51.45 
260	49.96 	13.26 	6	5	385.84 	412.28 	53.04 
261	51.11 	10.82 	6	5	1173.09 	1204.23 	56.96 
262	46.24 	13.24 	6	5	466.97 	490.28 	54.53 
263	47.20 	9.76 	6	5	612.18 	634.60 	45.67 
264	51.84 	8.42 	6	2	199.35 	229.16 	47.36 
265	57.02 	9.04 	6	3	235.21 	263.06 	48.88 
266	54.09 	11.88 	6	2	141.22 	174.26 	62.25 
267	51.65 	11.90 	6	1	877.95 	896.98 	46.98 
268	52.35 	11.78 	6	2	911.96 	947.71 	47.39 
269	52.27 	11.20 	6	4	282.30 	306.23 	56.79 
270	47.99 	9.82 	6	2	381.52 	403.68 	58.13 
271	46.51 	11.21 	6	1	514.78 	540.89 	45.72 
272	49.10 	12.08 	6	2	315.16 	343.98 	64.74 
273	53.45 	11.54 	6	5	276.39 	305.46 	62.19 
274	51.65 	12.09 	6	1	585.19 	618.84 	55.19 
275	50.38 	8.95 	6	2	966.92 	1001.53 	49.42 
276	53.27 	11.82 	6	1	132.98 	158.74 	55.18 
277	49.51 	12.54 	6	5	1049.71 	1076.70 	63.32 
278	50.45 	8.67 	6	3	875.21 	894.62 	57.45 
279	47.93 	9.47 	6	1	48.02 	71.16 	51.12 
280	53.00 	9.64 	6	3	637.35 	660.55 	48.04 
281	48.40 	10.74 	6	1	602.93 	630.57 	57.97 
282	47.82 	10.97 	6	3	1107.75 	1129.26 	47.96 
283	50.55 	9.89 	6	3	83.56 	114.15 	56.11 
284	50.11 	10.69 	6	2	409.31 	427.40 	58.32 
285	53.98 	8.64 	6	3	181.70 	212.21 	49.29 
286	51.27 	7.76 	6	3	579.43 	601.97 	47.04 
287	48.19 	9.73 	6	3	569.06 	605.90 	57.00 
288	50.41 	7.82 	6	2	278.70 	298.03 	50.91 
289	49.28 	12.20 	6	1	630.90 	659.05 	54.19 
290	50.71 	13.16 	6	2	306.14 	338.00 	57.49 
291	48.78 	9.70 	6	3	524.50 	543.94 	55.78 
292	49.38 	7.30 	6	1	236.16 	259.17 	45.23 
293	51.31 	9.13 	6	1	330.42 	356.14 	60.57 
294	48.42 	8.03 	6	1	156.34 	184.76 	46.94 
295	50.10 	13.49 	6	4	505.37 	536.08 	59.96 
296	50.15 	10.49 	6	2	779.97 	806.87 	53.94 
297	49.40 	12.54 	6	1	1048.47 	1068.06 	50.04 
298	51.93 	11.67 	6	1	361.92 	386.36 	60.99 
299	46.02 	9.92 	6	2	760.97 	785.09 	62.72 
300	51.83 	10.35 	6	5	321.69 	354.98 	64.28 
301	37.95 	23.62 	7	5	894.07 	923.30 	53.09 
302	35.16 	21.59 	7	2	425.43 	449.91 	62.17 
303	35.48 	12.15 	7	1	236.38 	260.34 	58.77 
304	42.06 	28.70 	7	2	1129.06 	1157.57 	60.93 
305	38.86 	25.41 	7	3	270.99 	300.71 	57.41 
306	38.01 	30.25 	7	3	679.37 	695.05 	64.31 
307	36.14 	23.06 	7	3	495.42 	519.83 	56.63 
308	37.42 	29.42 	7	2	319.59 	333.23 	64.07 
309	37.32 	33.98 	7	3	713.92 	739.85 	60.80 
310	37.81 	33.63 	7	2	917.36 	946.89 	61.66 
311	38.79 	27.72 	7	2	70.03 	101.54 	47.92 
312	36.22 	27.70 	7	5	813.98 	849.14 	48.37 
313	38.52 	24.12 	7	5	547.30 	579.38 	45.81 
314	36.54 	28.80 	7	1	211.08 	239.59 	53.95 
315	36.41 	20.81 	7	2	571.18 	596.76 	49.25 
316	36.86 	26.42 	7	2	836.71 	862.18 	53.52 
317	33.66 	28.35 	7	1	1153.01 	1180.69 	59.77 
318	34.71 	20.60 	7	4	153.85 	182.27 	57.31 
319	36.98 	23.62 	7	1	640.14 	667.03 	46.63 
320	35.91 	20.31 	7	3	560.23 	581.49 	51.66 
321	38.44 	26.54 	7	1	881.30 	902.94 	50.79 
322	40.34 	15.79 	7	1	399.00 	416.37 	52.50 
323	40.14 	22.50 	7	3	905.46 	931.96 	60.11 
324	35.83 	24.68 	7	1	88.42 	125.24 	47.30 
325	36.81 	32.38 	7	3	1164.06 	1174.95 	62.44 
326	36.02 	21.84 	7	1	602.97 	623.45 	57.06 
327	37.31 	23.23 	7	5	138.20 	166.83 	47.06 
328	34.42 	29.80 	7	1	490.51 	520.01 	48.29 
329	36.12 	26.86 	7	2	224.48 	250.84 	53.87 
330	40.90 	34.39 	7	3	1017.43 	1042.98 	48.10 
331	36.28 	23.71 	7	2	482.41 	501.13 	46.52 
332	41.89 	32.00 	7	4	634.88 	658.69 	45.88 
333	39.15 	28.39 	7	2	515.80 	540.25 	61.57 
334	34.69 	19.59 	7	5	1124.65 	1152.97 	45.71 
335	34.08 	25.08 	7	1	1126.60 	1147.82 	57.66 
336	32.69 	24.33 	7	3	812.34 	834.08 	48.74 
337	34.77 	23.12 	7	3	903.53 	919.48 	51.88 
338	37.86 	22.97 	7	2	48.93 	73.73 	64.71 
339	40.44 	24.69 	7	1	838.27 	875.07 	45.16 
340	37.14 	27.63 	7	5	1020.24 	1050.98 	61.96 
341	38.23 	24.96 	7	5	871.71 	908.87 	62.03 
342	38.35 	35.27 	7	2	975.26 	1008.50 	61.61 
343	36.12 	23.18 	7	4	531.14 	558.26 	63.07 
344	36.37 	33.57 	7	3	1138.87 	1164.93 	63.58 
345	35.92 	24.00 	7	5	77.57 	93.88 	54.53 
346	35.75 	20.17 	7	1	797.64 	821.29 	58.97 
347	40.81 	24.66 	7	1	1075.84 	1101.87 	58.99 
348	37.36 	24.89 	7	5	688.11 	726.34 	57.72 
349	35.40 	32.13 	7	5	406.53 	430.51 	49.11 
350	37.23 	28.55 	7	3	142.04 	171.37 	59.56 
351	73.27 	15.79 	8	3	1068.17 	1102.35 	50.42 
352	74.32 	15.58 	8	3	496.14 	527.30 	51.42 
353	65.58 	13.35 	8	4	1122.29 	1137.91 	49.86 
354	69.86 	16.06 	8	1	389.97 	412.70 	61.03 
355	71.10 	15.71 	8	3	577.22 	610.30 	52.76 
356	72.83 	17.53 	8	5	986.33 	1016.32 	51.06 
357	67.51 	14.24 	8	2	888.64 	916.76 	62.30 
358	69.85 	15.45 	8	1	890.98 	914.84 	50.04 
359	66.06 	14.44 	8	3	920.79 	945.04 	53.24 
360	71.76 	13.57 	8	5	955.08 	979.63 	64.92 
361	65.60 	15.75 	8	2	372.50 	390.43 	59.31 
362	67.67 	14.03 	8	2	1056.59 	1088.73 	54.71 
363	77.87 	15.72 	8	3	839.06 	867.86 	50.34 
364	70.91 	14.80 	8	1	396.94 	416.53 	53.40 
365	67.99 	18.90 	8	2	104.52 	130.93 	60.53 
366	69.27 	15.65 	8	5	351.83 	373.14 	56.57 
367	75.06 	16.92 	8	2	924.30 	954.33 	53.68 
368	65.50 	15.66 	8	1	462.83 	484.54 	46.71 
369	69.28 	15.33 	8	2	469.26 	507.92 	53.45 
370	68.38 	16.85 	8	5	297.26 	325.49 	62.44 
371	72.67 	13.96 	8	4	213.80 	231.79 	61.06 
372	66.81 	19.30 	8	2	872.56 	903.40 	64.29 
373	69.73 	12.02 	8	3	718.28 	743.30 	47.32 
374	72.41 	13.99 	8	3	920.18 	945.93 	48.17 
375	70.92 	15.78 	8	2	790.99 	822.31 	51.22 
376	69.43 	13.01 	8	3	435.66 	451.50 	61.23 
377	69.71 	19.08 	8	5	1032.15 	1054.01 	47.92 
378	73.38 	18.75 	8	1	141.05 	165.70 	63.01 
379	71.39 	14.35 	8	1	110.32 	145.17 	61.40 
380	75.11 	15.12 	8	5	588.13 	618.19 	46.97 
381	72.56 	19.89 	8	3	837.38 	853.36 	54.11 
382	73.21 	13.13 	8	2	1045.87 	1078.42 	49.51 
383	70.94 	17.82 	8	2	118.09 	143.42 	58.66 
384	66.03 	12.27 	8	5	717.49 	746.83 	50.02 
385	68.95 	19.71 	8	2	385.06 	405.35 	62.14 
386	66.09 	15.42 	8	5	778.33 	817.53 	58.67 
387	69.84 	13.27 	8	5	316.04 	353.25 	57.09 
388	70.04 	18.04 	8	3	1036.52 	1072.90 	56.73 
389	69.81 	13.66 	8	2	186.81 	208.37 	47.86 
390	71.75 	16.48 	8	3	416.79 	444.71 	59.06 
391	73.47 	14.77 	8	1	677.16 	708.88 	57.80 
392	75.90 	14.76 	8	1	288.94 	303.21 	56.91 
393	68.21 	14.79 	8	1	338.96 	367.87 	59.99 
394	72.11 	15.37 	8	4	320.95 	344.02 	62.05 
395	73.04 	12.22 	8	1	739.01 	769.89 	48.64 
396	79.95 	14.73 	8	1	822.50 	856.18 	62.46 
397	71.78 	14.50 	8	1	457.13 	482.28 	49.54 
398	71.35 	15.90 	8	1	914.21 	939.46 	55.02 
399	73.70 	13.63 	8	3	322.31 	361.95 	49.49 
400	68.80 	17.04 	8	5	1183.82 	1215.11 	60.43 
