24           5              4              1                2             28


1	1	2	0	1200	400	600	30
2	1	3	0	1200	400	600	30
3	2	1	0	1200	400	600	30
4	2	3	0	1200	400	600	30
5	0	5	0	1200	400	600	30


1             33 	-33        1              
2             33 	-33        1             
3             -33 	 33        2             
4             -33 	 33        2             

1	57.90 	-56.82 	1	4	494.41 	553.89 	48.38 
2	31.94 	-45.29 	1	1	625.12 	674.87 	59.14 
3	58.61 	-16.26 	1	3	70.86 	132.27 	54.62 
4	3.22 	-61.13 	1	2	760.60 	807.92 	59.83 
5	53.32 	-28.19 	1	3	571.84 	623.08 	61.07 
6	57.98 	-43.91 	1	4	1033.23 	1090.35 	51.37 
7	22.57 	-23.74 	1	3	107.32 	166.84 	51.73 
8	14.50 	-29.00 	1	1	281.08 	326.16 	45.90 
9	3.85 	-57.17 	1	1	725.50 	769.24 	64.08 
10	24.12 	-37.47 	1	5	367.89 	423.97 	46.42 
11	19.32 	-30.05 	1	2	1119.69 	1170.99 	50.78 
12	51.44 	-20.14 	1	2	800.10 	858.25 	52.69 
13	-3.77 	65.36 	2	3	662.26 	710.63 	49.13 
14	-8.08 	54.40 	2	3	147.49 	194.62 	49.21 
15	-61.31 	26.43 	2	1	49.18 	100.02 	50.49 
16	-47.90 	39.02 	2	1	1001.59 	1047.64 	58.83 
17	-53.23 	3.61 	2	1	86.52 	143.81 	56.41 
18	-27.62 	5.16 	2	2	285.00 	337.42 	52.17 
19	-17.56 	30.16 	2	4	670.36 	723.33 	62.98 
20	-15.20 	10.42 	2	2	341.73 	396.49 	46.85 
21	-36.13 	20.40 	2	2	369.58 	424.25 	48.17 
22	-30.07 	44.63 	2	5	520.69 	581.81 	47.38 
23	-5.67 	18.75 	2	4	45.24 	101.71 	60.74 
24	-53.01 	41.39 	2	3	486.77 	540.98 	46.60 
