24           5              4              1                2             28


1	1	2	0	1200	400	600	30
2	1	3	0	1200	400	600	30
3	2	1	0	1200	400	600	30
4	2	3	0	1200	400	600	30
5	0	5	0	1200	400	600	30


1             33 	-33        1              
2             33 	-33        1             
3             -33 	 33        2              
4             -33 	 33        2             

1	17.37 	-38.39 	1	5	830.33 	881.93 	63.14 
2	45.82 	-46.99 	1	3	199.24 	246.13 	64.12 
3	53.62 	-50.47 	1	3	951.42 	1023.01 	51.72 
4	41.40 	-8.97 	1	3	1127.17 	1177.88 	49.38 
5	20.03 	-42.08 	1	1	378.85 	425.88 	59.94 
6	25.46 	-56.93 	1	2	286.18 	350.75 	48.65 
7	42.97 	-55.77 	1	2	339.45 	398.19 	46.14 
8	17.92 	-51.68 	1	2	922.64 	973.95 	49.29 
9	33.34 	-65.38 	1	5	1026.43 	1089.10 	54.91 
10	13.31 	-32.37 	1	1	1103.20 	1156.67 	61.40 
11	5.68 	-22.66 	1	5	944.38 	990.93 	55.01 
12	35.36 	-43.08 	1	1	114.32 	174.12 	56.70 
13	-35.21 	17.51 	2	4	419.09 	466.17 	55.86 
14	-10.07 	41.88 	2	2	847.44 	899.74 	47.49 
15	-17.69 	59.68 	2	1	1014.39 	1071.94 	59.13 
16	-48.94 	31.09 	2	4	818.20 	870.33 	61.99 
17	-54.80 	33.80 	2	1	1059.99 	1121.42 	58.60 
18	-46.50 	48.98 	2	2	473.05 	522.43 	48.93 
19	-15.62 	61.41 	2	3	475.50 	524.54 	64.49 
20	-4.94 	58.10 	2	2	360.69 	413.22 	50.35 
21	-13.28 	52.79 	2	1	229.38 	295.52 	56.36 
22	-21.77 	61.31 	2	3	379.07 	438.34 	46.06 
23	-10.40 	51.55 	2	5	738.11 	792.88 	47.86 
24	-0.83 	59.80 	2	3	996.58 	1056.39 	52.48 
