400           64             48              16               8             416


1	1	1	0	1200	400	600	30
2	1	1	0	1200	400	600	30
3	1	2	0	1200	400	600	30
4	1	2	0	1200	400	600	30
5	1	3	0	1200	400	600	30
6	1	3	0	1200	400	600	30
7	2	1	0	1200	400	600	30
8	2	1	0	1200	400	600	30
9	2	2	0	1200	400	600	30
10	2	2	0	1200	400	600	30
11	2	3	0	1200	400	600	30
12	2	3	0	1200	400	600	30
13	3	1	0	1200	400	600	30
14	3	1	0	1200	400	600	30
15	3	2	0	1200	400	600	30
16	3	2	0	1200	400	600	30
17	3	3	0	1200	400	600	30
18	3	3	0	1200	400	600	30
19	4	1	0	1200	400	600	30
20	4	1	0	1200	400	600	30
21	4	2	0	1200	400	600	30
22	4	2	0	1200	400	600	30
23	4	3	0	1200	400	600	30
24	4	3	0	1200	400	600	30
25	5	1	0	1200	400	600	30
26	5	1	0	1200	400	600	30
27	5	2	0	1200	400	600	30
28	5	2	0	1200	400	600	30
29	5	3	0	1200	400	600	30
30	5	3	0	1200	400	600	30
31	6	1	0	1200	400	600	30
32	6	1	0	1200	400	600	30
33	6	2	0	1200	400	600	30
34	6	2	0	1200	400	600	30
35	6	3	0	1200	400	600	30
36	6	3	0	1200	400	600	30
37	7	1	0	1200	400	600	30
38	7	1	0	1200	400	600	30
39	7	2	0	1200	400	600	30
40	7	2	0	1200	400	600	30
41	7	3	0	1200	400	600	30
42	7	3	0	1200	400	600	30
43	8	1	0	1200	400	600	30
44	8	1	0	1200	400	600	30
45	8	2	0	1200	400	600	30
46	8	2	0	1200	400	600	30
47	8	3	0	1200	400	600	30
48	8	3	0	1200	400	600	30
49	0	5	0	1200	400	600	30
50	0	5	0	1200	400	600	30
51	0	5	0	1200	400	600	30
52	0	5	0	1200	400	600	30
53	0	5	0	1200	400	600	30
54	0	5	0	1200	400	600	30
55	0	5	0	1200	400	600	30
56	0	5	0	1200	400	600	30
57	0	5	0	1200	400	600	30
58	0	5	0	1200	400	600	30
59	0	5	0	1200	400	600	30
60	0	5	0	1200	400	600	30
61	0	5	0	1200	400	600	30
62	0	5	0	1200	400	600	30
63	0	5	0	1200	400	600	30
64	0	5	0	1200	400	600	30


1              -110 	110         1              
2              -110 	110         1             
3                0 	110         2             
4                0 	110         2             
5               110          110         3              
6               110          110         3             
7              -110            0          4              
8              -110            0          4             
9               110 	   0         5              
10             110 	   0         5             
11            -110 	-110         6              
12            -110 	-110         6             
13               0          -110         7              
14               0          -110         7            
15              110       -110          8              
16              110       -110          8             

1	-134.85 	132.37 	1	2	237.61 	286.08 	64.55 
2	-139.75 	114.61 	1	4	248.01 	315.02 	55.69 
3	-138.42 	130.67 	1	2	478.25 	545.42 	54.09 
4	-104.78 	119.79 	1	4	146.96 	205.23 	63.79 
5	-84.38 	121.34 	1	2	997.90 	1050.13 	55.89 
6	-131.83 	110.67 	1	4	1116.39 	1164.91 	47.07 
7	-85.70 	96.57 	1	5	944.95 	1007.77 	55.77 
8	-93.97 	80.58 	1	2	177.54 	221.29 	63.74 
9	-110.52 	137.61 	1	1	63.52 	103.54 	62.84 
10	-95.02 	111.16 	1	3	128.31 	170.18 	56.87 
11	-84.29 	99.45 	1	5	45.09 	93.35 	63.05 
12	-122.80 	86.52 	1	2	396.83 	448.48 	63.48 
13	-107.61 	107.52 	1	4	493.34 	556.96 	61.01 
14	-114.72 	96.19 	1	5	1068.99 	1125.31 	58.90 
15	-102.73 	111.77 	1	5	363.57 	410.42 	50.70 
16	-103.38 	133.72 	1	1	677.38 	734.53 	48.75 
17	-138.59 	131.69 	1	3	941.33 	994.52 	54.98 
18	-98.49 	132.99 	1	1	234.76 	287.69 	55.48 
19	-114.80 	117.06 	1	2	812.88 	865.75 	60.69 
20	-116.94 	90.54 	1	3	837.45 	888.04 	45.94 
21	-111.36 	122.38 	1	2	909.66 	969.48 	46.83 
22	-135.26 	129.67 	1	2	380.21 	432.51 	51.82 
23	-104.17 	124.30 	1	1	1096.45 	1150.68 	55.00 
24	-124.22 	128.47 	1	3	274.49 	333.84 	64.71 
25	-115.39 	92.29 	1	1	990.55 	1050.13 	57.90 
26	-120.38 	110.72 	1	4	243.35 	294.55 	47.46 
27	-106.05 	95.37 	1	3	328.38 	391.45 	58.81 
28	-83.45 	99.45 	1	3	438.41 	490.88 	56.42 
29	-117.20 	122.43 	1	2	1121.51 	1182.03 	48.76 
30	-107.75 	129.03 	1	2	425.55 	481.78 	58.83 
31	-99.97 	132.07 	1	3	68.17 	127.99 	52.08 
32	-86.40 	121.54 	1	1	869.33 	925.01 	47.54 
33	-89.87 	138.61 	1	1	1012.04 	1066.42 	64.20 
34	-117.92 	133.31 	1	1	197.39 	258.14 	60.29 
35	-92.53 	138.18 	1	1	57.59 	119.95 	51.54 
36	-82.32 	132.13 	1	4	186.64 	239.21 	48.74 
37	-81.19 	129.25 	1	3	453.84 	515.75 	56.75 
38	-118.52 	88.48 	1	3	556.01 	612.56 	64.02 
39	-101.85 	84.36 	1	3	360.55 	419.64 	58.58 
40	-123.70 	129.27 	1	2	520.78 	576.62 	46.82 
41	-128.04 	120.98 	1	3	763.80 	832.64 	56.99 
42	-136.19 	116.27 	1	1	497.97 	549.20 	55.66 
43	-88.24 	103.94 	1	2	1067.63 	1115.63 	52.68 
44	-137.35 	94.58 	1	4	227.19 	280.41 	55.25 
45	-101.29 	113.08 	1	1	992.32 	1045.67 	48.07 
46	-139.50 	83.56 	1	1	651.10 	705.58 	55.20 
47	-137.81 	89.79 	1	1	1004.88 	1062.70 	49.93 
48	-104.94 	85.42 	1	3	705.84 	764.30 	57.23 
49	-132.15 	107.24 	1	5	944.68 	1001.95 	45.66 
50	-114.22 	120.61 	1	1	374.02 	435.55 	59.89 
51	-1.61 	109.11 	2	3	423.22 	474.47 	52.06 
52	19.18 	103.85 	2	1	975.80 	1041.06 	56.95 
53	-17.84 	88.86 	2	2	866.34 	923.07 	50.77 
54	-0.51 	116.58 	2	3	1028.01 	1081.12 	51.13 
55	29.27 	96.71 	2	1	73.98 	128.05 	60.27 
56	21.32 	131.99 	2	3	665.58 	715.53 	56.27 
57	22.43 	99.91 	2	4	1136.00 	1199.65 	52.59 
58	3.50 	114.38 	2	2	553.60 	600.02 	62.13 
59	-5.64 	121.13 	2	4	745.33 	790.03 	52.94 
60	4.14 	113.68 	2	2	634.31 	687.78 	62.90 
61	-9.81 	138.27 	2	2	679.27 	734.21 	57.63 
62	-29.12 	100.36 	2	3	833.56 	902.99 	55.25 
63	-10.15 	127.62 	2	1	900.29 	957.05 	64.73 
64	29.23 	93.05 	2	2	698.67 	749.89 	62.59 
65	-17.83 	84.47 	2	1	1035.08 	1078.82 	47.63 
66	1.50 	101.31 	2	1	1169.38 	1229.42 	46.22 
67	11.93 	116.27 	2	3	51.83 	118.89 	46.39 
68	22.39 	91.29 	2	2	244.19 	298.71 	61.81 
69	-9.30 	124.60 	2	3	1103.99 	1160.69 	47.79 
70	-19.37 	118.41 	2	3	576.63 	627.57 	63.33 
71	-13.88 	139.24 	2	5	968.59 	1022.22 	53.47 
72	1.16 	139.19 	2	5	602.50 	654.62 	49.57 
73	19.04 	122.74 	2	4	514.97 	565.59 	62.38 
74	26.06 	135.15 	2	3	83.15 	124.12 	59.44 
75	27.80 	128.84 	2	1	532.73 	583.05 	63.90 
76	17.41 	86.96 	2	3	319.84 	373.98 	53.01 
77	1.57 	106.81 	2	2	143.05 	198.46 	57.06 
78	-23.55 	134.68 	2	4	937.82 	988.88 	48.58 
79	2.40 	112.05 	2	4	1121.69 	1186.14 	52.20 
80	-8.03 	84.32 	2	1	997.95 	1047.20 	56.69 
81	12.32 	98.93 	2	1	892.84 	943.34 	53.88 
82	-0.29 	94.81 	2	3	394.33 	449.83 	59.40 
83	-14.37 	105.44 	2	4	851.95 	905.36 	62.45 
84	1.05 	100.31 	2	1	1164.89 	1211.05 	64.80 
85	28.32 	96.82 	2	1	779.36 	832.39 	61.48 
86	-2.80 	96.37 	2	5	1034.25 	1086.10 	58.18 
87	-3.24 	122.22 	2	3	269.49 	313.36 	58.38 
88	10.27 	96.02 	2	1	377.48 	433.72 	63.53 
89	-10.79 	113.85 	2	5	843.28 	905.79 	64.90 
90	-1.73 	104.86 	2	2	48.98 	104.55 	62.03 
91	4.99 	102.05 	2	1	1164.46 	1215.16 	49.10 
92	10.84 	129.39 	2	2	944.83 	995.25 	60.56 
93	-15.10 	118.30 	2	2	92.99 	136.08 	53.40 
94	6.24 	113.60 	2	5	639.00 	692.02 	58.02 
95	-15.17 	86.64 	2	1	874.98 	935.99 	55.51 
96	-4.31 	112.08 	2	3	237.01 	292.54 	58.21 
97	-10.82 	119.62 	2	2	676.31 	721.04 	48.68 
98	14.67 	126.68 	2	1	648.49 	699.92 	55.53 
99	-18.43 	121.66 	2	4	556.67 	617.69 	58.23 
100	-4.31 	126.19 	2	2	596.48 	647.74 	50.08 
101	122.50 	108.31 	3	2	1161.71 	1207.42 	57.11 
102	110.60 	128.41 	3	5	420.15 	467.16 	55.54 
103	102.60 	108.29 	3	2	478.38 	535.73 	47.19 
104	80.50 	109.36 	3	1	662.35 	706.40 	55.76 
105	138.74 	110.92 	3	3	849.62 	900.09 	49.63 
106	101.59 	98.51 	3	3	257.90 	308.03 	55.18 
107	101.34 	137.27 	3	3	107.98 	171.39 	63.57 
108	113.41 	127.15 	3	1	278.27 	341.22 	60.22 
109	113.70 	107.80 	3	1	950.65 	1003.05 	58.56 
110	129.38 	96.45 	3	3	957.85 	1012.52 	62.81 
111	95.88 	90.61 	3	2	851.96 	904.86 	60.75 
112	101.12 	115.61 	3	3	920.21 	985.05 	54.67 
113	117.73 	80.19 	3	1	243.54 	294.66 	53.35 
114	103.73 	119.47 	3	4	649.00 	707.68 	52.32 
115	101.79 	133.58 	3	5	425.26 	468.21 	63.98 
116	88.08 	81.27 	3	1	680.54 	738.34 	50.22 
117	93.44 	132.46 	3	4	433.92 	483.11 	48.73 
118	95.77 	81.08 	3	1	693.01 	753.15 	47.40 
119	132.29 	99.80 	3	3	71.92 	124.98 	45.66 
120	130.47 	82.31 	3	4	388.47 	439.36 	47.68 
121	92.58 	90.20 	3	3	967.87 	1020.26 	49.68 
122	122.38 	83.87 	3	4	629.80 	680.53 	54.04 
123	93.68 	102.58 	3	2	306.13 	360.49 	58.22 
124	107.40 	84.29 	3	1	78.90 	133.22 	61.41 
125	105.49 	104.88 	3	1	122.24 	164.75 	62.21 
126	105.26 	108.79 	3	1	76.70 	121.57 	63.86 
127	106.71 	105.88 	3	1	432.73 	487.85 	50.20 
128	93.54 	87.71 	3	3	613.36 	669.82 	63.86 
129	133.83 	95.37 	3	2	379.79 	430.79 	57.25 
130	99.35 	125.69 	3	2	634.60 	681.09 	51.19 
131	81.06 	89.53 	3	2	972.09 	1026.39 	51.74 
132	133.76 	112.33 	3	2	685.13 	742.67 	63.08 
133	81.09 	98.37 	3	3	714.03 	773.35 	60.14 
134	126.63 	118.85 	3	2	1059.14 	1113.38 	47.21 
135	92.96 	138.39 	3	4	485.02 	542.92 	61.94 
136	138.13 	135.56 	3	5	435.94 	491.02 	53.64 
137	91.04 	108.38 	3	5	872.34 	919.89 	49.83 
138	92.99 	120.21 	3	1	410.54 	458.81 	63.66 
139	135.09 	99.67 	3	3	572.76 	623.35 	46.33 
140	123.56 	107.60 	3	5	1015.23 	1071.60 	54.32 
141	123.31 	117.95 	3	2	154.93 	195.67 	54.09 
142	113.78 	96.52 	3	3	520.30 	571.45 	52.85 
143	110.42 	107.57 	3	4	619.89 	664.64 	59.44 
144	113.03 	99.31 	3	4	545.69 	588.12 	56.35 
145	102.18 	122.80 	3	1	1127.42 	1177.86 	56.07 
146	112.84 	90.80 	3	1	36.60 	96.76 	55.76 
147	130.19 	100.05 	3	3	219.55 	277.69 	60.58 
148	115.13 	95.58 	3	2	540.90 	593.44 	60.00 
149	84.65 	135.14 	3	2	693.37 	757.77 	58.07 
150	122.17 	117.99 	3	1	312.30 	371.48 	55.16 
151	-122.91 	18.60 	4	5	283.83 	331.79 	52.08 
152	-136.83 	-20.68 	4	1	1000.39 	1043.88 	56.10 
153	-84.69 	-16.45 	4	3	649.32 	709.29 	50.10 
154	-130.68 	23.49 	4	1	674.19 	721.10 	48.29 
155	-127.66 	-19.40 	4	5	381.09 	441.88 	64.71 
156	-103.31 	20.18 	4	2	488.37 	549.36 	57.98 
157	-90.71 	9.46 	4	1	1164.87 	1218.57 	63.88 
158	-92.09 	20.97 	4	2	1079.89 	1140.81 	60.75 
159	-115.85 	-22.54 	4	5	75.62 	124.70 	58.66 
160	-121.67 	-1.13 	4	4	956.47 	1017.73 	49.32 
161	-109.08 	-20.97 	4	3	999.27 	1056.28 	55.48 
162	-126.44 	25.65 	4	2	480.50 	538.26 	50.52 
163	-111.09 	-19.80 	4	3	856.33 	903.14 	62.86 
164	-109.50 	-22.71 	4	4	201.71 	255.01 	59.03 
165	-103.40 	-12.71 	4	3	96.07 	143.77 	55.55 
166	-109.31 	-20.59 	4	4	767.13 	818.74 	62.97 
167	-89.03 	13.31 	4	1	807.56 	855.59 	58.62 
168	-92.99 	21.63 	4	1	606.45 	673.16 	48.47 
169	-108.41 	-0.67 	4	2	225.71 	278.45 	63.61 
170	-118.61 	-15.23 	4	3	875.83 	934.05 	62.67 
171	-100.38 	17.48 	4	2	676.31 	726.26 	62.94 
172	-97.38 	18.27 	4	5	834.14 	875.62 	61.56 
173	-99.91 	26.98 	4	3	79.91 	128.84 	55.50 
174	-98.77 	-8.45 	4	2	933.05 	990.12 	61.43 
175	-112.12 	7.90 	4	5	549.39 	605.63 	53.73 
176	-110.47 	-9.69 	4	2	342.22 	392.92 	58.68 
177	-95.11 	-7.62 	4	3	918.55 	957.21 	55.50 
178	-138.90 	-22.23 	4	3	460.57 	515.07 	60.02 
179	-116.81 	-28.46 	4	4	81.25 	136.38 	58.85 
180	-80.49 	6.39 	4	1	31.94 	95.33 	54.74 
181	-119.57 	0.64 	4	3	428.23 	487.04 	59.58 
182	-136.26 	-28.03 	4	1	313.78 	365.53 	58.43 
183	-109.07 	17.80 	4	2	1051.15 	1106.41 	50.25 
184	-132.47 	11.57 	4	1	805.33 	851.14 	58.42 
185	-115.01 	22.67 	4	2	934.13 	987.97 	64.70 
186	-115.93 	22.89 	4	2	344.69 	393.19 	64.83 
187	-110.43 	-11.53 	4	3	558.94 	612.23 	60.30 
188	-94.35 	28.67 	4	3	1142.90 	1196.66 	61.32 
189	-95.04 	-20.47 	4	1	127.75 	168.18 	62.83 
190	-138.79 	11.60 	4	1	36.79 	84.40 	54.11 
191	-84.80 	26.52 	4	4	565.03 	617.03 	59.72 
192	-114.07 	-27.62 	4	1	623.07 	678.91 	49.21 
193	-135.96 	17.28 	4	4	552.03 	609.09 	51.82 
194	-96.95 	6.38 	4	1	734.35 	792.40 	56.91 
195	-131.82 	-17.59 	4	1	281.93 	345.34 	58.11 
196	-97.97 	-5.84 	4	2	529.87 	581.15 	53.74 
197	-90.29 	17.66 	4	4	660.41 	716.12 	57.56 
198	-138.91 	-17.78 	4	3	603.54 	660.50 	51.86 
199	-80.58 	22.67 	4	2	891.77 	940.38 	48.81 
200	-133.46 	12.40 	4	1	397.49 	450.53 	52.71 
201	132.30 	-18.33 	5	3	737.33 	779.95 	47.65 
202	92.28 	6.70 	5	3	242.10 	293.68 	52.66 
203	104.09 	-13.38 	5	2	40.72 	95.16 	62.64 
204	99.12 	12.30 	5	3	712.72 	776.44 	45.04 
205	102.39 	-7.82 	5	4	662.34 	714.19 	63.25 
206	120.96 	-17.60 	5	2	1027.48 	1089.45 	45.81 
207	113.64 	-3.05 	5	2	37.04 	96.45 	62.50 
208	93.35 	27.42 	5	3	827.66 	897.01 	61.36 
209	117.85 	8.71 	5	1	337.55 	395.52 	60.96 
210	83.03 	-28.79 	5	4	220.62 	275.35 	46.50 
211	128.07 	2.18 	5	1	542.32 	601.83 	47.86 
212	87.39 	-26.24 	5	2	850.16 	909.93 	62.25 
213	116.71 	-19.62 	5	2	407.06 	453.35 	53.23 
214	111.76 	-22.86 	5	1	321.85 	380.00 	51.05 
215	114.44 	-29.20 	5	1	180.37 	235.43 	54.57 
216	112.57 	30.00 	5	2	231.79 	285.34 	47.16 
217	93.26 	14.76 	5	5	1056.54 	1111.83 	56.09 
218	112.66 	-25.23 	5	4	141.40 	185.13 	48.30 
219	97.71 	-11.71 	5	3	598.68 	641.90 	45.15 
220	129.23 	-14.97 	5	1	247.47 	301.31 	61.65 
221	131.69 	-9.45 	5	2	1151.45 	1207.76 	45.86 
222	127.97 	-11.92 	5	3	619.67 	676.85 	53.44 
223	101.77 	28.70 	5	4	369.49 	421.07 	63.75 
224	85.84 	8.21 	5	1	108.16 	159.77 	47.94 
225	81.56 	-10.08 	5	3	845.50 	907.98 	54.01 
226	99.66 	18.11 	5	1	1094.33 	1153.67 	56.51 
227	111.07 	4.90 	5	3	472.33 	526.78 	54.95 
228	115.34 	-14.75 	5	4	446.71 	493.25 	45.18 
229	112.12 	5.84 	5	3	26.73 	79.29 	54.02 
230	98.90 	1.35 	5	1	641.31 	700.31 	58.95 
231	133.36 	15.08 	5	1	983.41 	1034.98 	49.36 
232	128.26 	18.16 	5	1	541.74 	587.66 	58.23 
233	123.77 	0.69 	5	1	511.02 	566.17 	61.78 
234	105.76 	27.57 	5	4	993.35 	1047.93 	55.45 
235	122.05 	9.84 	5	5	950.90 	988.27 	49.33 
236	137.16 	29.09 	5	3	674.06 	731.58 	64.52 
237	129.55 	18.88 	5	2	75.18 	130.59 	60.20 
238	104.04 	-21.45 	5	4	1034.70 	1093.11 	58.45 
239	105.59 	-2.98 	5	2	422.97 	475.75 	51.63 
240	82.90 	24.90 	5	4	42.16 	87.44 	57.21 
241	132.08 	-18.35 	5	1	107.97 	147.12 	57.25 
242	135.33 	5.08 	5	5	192.43 	248.80 	62.00 
243	123.60 	-27.91 	5	2	437.80 	485.20 	62.73 
244	129.00 	3.84 	5	3	681.28 	729.10 	46.84 
245	103.72 	26.91 	5	1	88.65 	134.00 	54.94 
246	128.28 	25.63 	5	5	1169.06 	1221.86 	51.13 
247	112.64 	13.79 	5	2	598.53 	657.59 	45.98 
248	91.69 	-18.49 	5	3	65.32 	128.26 	48.34 
249	94.21 	6.26 	5	2	682.63 	729.06 	59.15 
250	105.85 	1.84 	5	5	1023.62 	1074.71 	54.20 
251	-129.91 	-92.39 	6	1	337.17 	397.97 	47.20 
252	-130.92 	-128.90 	6	3	411.53 	466.59 	55.63 
253	-96.01 	-125.62 	6	3	475.03 	528.15 	61.07 
254	-117.74 	-123.96 	6	1	473.24 	532.87 	52.98 
255	-89.01 	-117.98 	6	3	700.91 	757.17 	60.85 
256	-127.01 	-89.69 	6	2	144.06 	198.56 	49.70 
257	-84.89 	-95.50 	6	1	267.60 	318.40 	48.43 
258	-102.63 	-84.34 	6	5	174.30 	221.64 	56.96 
259	-98.86 	-95.05 	6	2	875.65 	923.25 	48.39 
260	-80.20 	-139.82 	6	1	608.14 	659.92 	59.80 
261	-115.85 	-111.54 	6	2	132.24 	193.27 	63.66 
262	-87.27 	-121.22 	6	1	681.60 	739.80 	57.65 
263	-80.97 	-115.06 	6	4	775.36 	834.74 	63.20 
264	-122.49 	-131.39 	6	2	577.47 	636.85 	50.40 
265	-114.45 	-97.07 	6	1	638.00 	689.71 	50.21 
266	-117.07 	-124.10 	6	4	811.76 	871.53 	57.04 
267	-111.51 	-129.44 	6	4	772.81 	830.38 	55.93 
268	-113.20 	-117.98 	6	1	875.25 	929.44 	61.56 
269	-106.59 	-120.28 	6	4	700.48 	750.69 	64.99 
270	-114.99 	-139.83 	6	4	304.06 	355.62 	59.59 
271	-126.86 	-103.02 	6	3	393.38 	442.29 	47.80 
272	-136.16 	-114.00 	6	1	1126.58 	1179.80 	56.52 
273	-134.67 	-87.86 	6	5	889.06 	934.12 	63.40 
274	-94.81 	-123.42 	6	5	166.27 	216.72 	50.36 
275	-127.53 	-115.75 	6	2	891.73 	955.78 	48.16 
276	-102.79 	-98.22 	6	1	727.09 	766.01 	53.91 
277	-122.17 	-106.37 	6	3	56.62 	117.78 	56.61 
278	-128.91 	-119.86 	6	2	426.67 	473.45 	45.60 
279	-86.67 	-104.10 	6	1	717.72 	773.99 	51.99 
280	-87.59 	-81.49 	6	1	276.27 	326.69 	62.51 
281	-99.78 	-132.09 	6	3	446.03 	503.40 	62.34 
282	-88.10 	-101.96 	6	4	331.21 	388.11 	64.49 
283	-110.19 	-92.09 	6	2	998.64 	1043.79 	51.25 
284	-128.08 	-98.70 	6	2	547.83 	606.26 	63.16 
285	-101.08 	-129.08 	6	2	861.57 	916.05 	53.51 
286	-100.47 	-95.64 	6	4	507.55 	559.69 	53.72 
287	-100.09 	-127.09 	6	3	576.83 	620.66 	52.80 
288	-133.02 	-137.06 	6	1	265.54 	313.10 	49.15 
289	-122.65 	-130.02 	6	1	796.23 	851.90 	46.67 
290	-121.07 	-81.20 	6	2	823.23 	869.32 	61.53 
291	-138.30 	-99.14 	6	3	615.13 	671.43 	58.75 
292	-122.50 	-127.87 	6	4	1005.21 	1057.52 	50.76 
293	-138.82 	-80.81 	6	3	480.23 	529.27 	60.66 
294	-107.83 	-110.19 	6	2	729.13 	794.75 	51.34 
295	-85.19 	-95.43 	6	5	157.50 	214.31 	59.53 
296	-125.72 	-97.14 	6	3	737.42 	792.26 	50.77 
297	-90.88 	-100.09 	6	2	1123.82 	1184.87 	61.85 
298	-135.30 	-124.52 	6	3	1021.69 	1073.32 	56.85 
299	-105.51 	-134.60 	6	5	1097.18 	1159.98 	60.15 
300	-102.18 	-87.34 	6	3	974.44 	1016.31 	55.97 
301	-24.10 	-134.56 	7	2	168.40 	225.16 	50.67 
302	5.09 	-91.02 	7	5	992.31 	1046.71 	63.58 
303	26.44 	-87.34 	7	2	413.92 	466.99 	64.50 
304	-26.80 	-120.24 	7	1	106.59 	165.56 	63.19 
305	-27.65 	-117.79 	7	3	836.77 	892.79 	48.58 
306	-19.19 	-90.27 	7	2	221.79 	255.18 	45.76 
307	-5.35 	-109.16 	7	1	286.52 	339.56 	61.24 
308	-25.98 	-102.46 	7	3	326.52 	375.66 	61.86 
309	4.92 	-86.09 	7	3	1064.21 	1121.26 	64.09 
310	-5.63 	-128.10 	7	2	1125.49 	1178.27 	54.25 
311	-1.13 	-101.86 	7	1	357.66 	405.01 	49.88 
312	-27.65 	-98.90 	7	2	606.87 	640.28 	49.88 
313	-11.61 	-85.80 	7	1	1041.08 	1085.38 	59.73 
314	-2.37 	-85.16 	7	1	1120.58 	1169.72 	53.81 
315	27.19 	-92.30 	7	3	205.78 	270.64 	45.20 
316	6.34 	-133.03 	7	1	922.28 	971.27 	60.65 
317	9.75 	-93.73 	7	3	944.06 	998.21 	58.45 
318	15.07 	-122.65 	7	5	717.37 	775.09 	63.69 
319	-11.12 	-137.34 	7	4	166.56 	222.68 	47.63 
320	-10.00 	-107.85 	7	4	295.99 	342.20 	50.93 
321	-18.13 	-134.36 	7	4	425.09 	482.46 	64.65 
322	-21.92 	-91.42 	7	3	721.97 	784.23 	48.99 
323	-7.04 	-121.10 	7	4	768.79 	825.47 	59.77 
324	-13.38 	-87.94 	7	1	310.48 	361.24 	46.69 
325	-27.66 	-83.14 	7	3	392.14 	450.12 	46.95 
326	-3.77 	-88.13 	7	5	410.75 	467.74 	52.37 
327	27.93 	-114.64 	7	3	588.14 	640.81 	55.85 
328	19.94 	-95.28 	7	2	549.37 	612.47 	45.42 
329	-13.92 	-94.86 	7	1	397.40 	448.73 	63.71 
330	-5.06 	-124.59 	7	4	932.27 	985.36 	58.33 
331	-2.28 	-111.80 	7	4	1023.95 	1080.59 	51.81 
332	20.40 	-125.80 	7	3	137.55 	184.08 	59.47 
333	-20.10 	-85.11 	7	3	941.94 	987.58 	54.47 
334	-19.36 	-82.49 	7	2	783.07 	846.03 	61.91 
335	-15.46 	-99.27 	7	2	124.83 	176.86 	60.53 
336	22.62 	-136.27 	7	1	993.18 	1052.17 	64.66 
337	-5.79 	-135.81 	7	5	320.07 	374.06 	52.10 
338	27.81 	-114.90 	7	1	627.63 	682.96 	53.08 
339	1.45 	-113.14 	7	1	50.88 	103.03 	48.33 
340	21.16 	-114.15 	7	2	485.68 	540.02 	54.39 
341	-3.64 	-80.80 	7	2	1159.33 	1202.33 	61.13 
342	15.87 	-115.48 	7	5	1164.48 	1217.07 	54.77 
343	-22.69 	-122.80 	7	4	935.64 	985.78 	53.05 
344	26.68 	-121.32 	7	1	692.94 	748.30 	61.24 
345	-21.97 	-83.82 	7	3	732.15 	793.92 	56.33 
346	21.72 	-80.99 	7	1	1150.90 	1204.04 	45.46 
347	14.06 	-121.19 	7	2	203.30 	254.57 	57.16 
348	-10.76 	-113.12 	7	3	905.36 	959.70 	51.33 
349	23.94 	-120.77 	7	4	1050.24 	1099.65 	62.57 
350	12.70 	-102.66 	7	2	555.68 	607.78 	59.07 
351	91.12 	-94.31 	8	3	747.07 	796.86 	56.41 
352	93.22 	-85.14 	8	3	1107.94 	1164.07 	50.38 
353	111.63 	-134.20 	8	5	783.97 	838.47 	57.38 
354	99.59 	-114.57 	8	4	430.06 	488.02 	45.62 
355	129.58 	-90.63 	8	3	327.25 	383.19 	46.90 
356	138.25 	-95.13 	8	1	402.94 	462.58 	48.03 
357	136.96 	-138.64 	8	2	804.18 	862.56 	58.04 
358	81.84 	-107.68 	8	3	1032.61 	1088.33 	53.46 
359	81.60 	-81.56 	8	1	522.76 	578.30 	56.95 
360	132.65 	-91.34 	8	1	216.41 	264.03 	57.39 
361	83.46 	-99.60 	8	1	1075.25 	1126.12 	64.77 
362	85.93 	-85.67 	8	2	622.64 	670.12 	49.70 
363	129.34 	-139.10 	8	2	750.88 	801.06 	62.96 
364	100.54 	-103.68 	8	4	807.86 	848.49 	59.02 
365	106.98 	-105.34 	8	4	342.25 	388.72 	64.86 
366	138.01 	-98.58 	8	5	134.97 	192.95 	48.65 
367	108.55 	-111.75 	8	2	995.64 	1053.46 	54.14 
368	82.50 	-99.94 	8	4	266.33 	320.19 	47.96 
369	84.34 	-99.63 	8	4	462.57 	506.43 	51.92 
370	87.81 	-94.45 	8	1	67.24 	127.14 	54.35 
371	120.63 	-93.92 	8	1	656.65 	712.41 	48.66 
372	136.24 	-95.23 	8	2	863.01 	923.86 	47.51 
373	117.32 	-106.66 	8	1	476.42 	513.02 	52.28 
374	122.84 	-103.18 	8	2	1141.05 	1208.97 	45.18 
375	84.93 	-114.35 	8	5	338.07 	399.20 	52.22 
376	127.56 	-126.97 	8	3	1005.39 	1058.62 	53.22 
377	108.39 	-96.67 	8	1	728.61 	781.23 	47.19 
378	83.09 	-97.80 	8	4	1141.63 	1197.65 	55.37 
379	96.09 	-124.87 	8	3	946.56 	1003.09 	62.86 
380	101.29 	-134.27 	8	5	1077.49 	1133.08 	56.23 
381	136.99 	-122.32 	8	2	30.32 	82.65 	63.36 
382	129.84 	-82.19 	8	3	183.17 	230.47 	57.64 
383	112.63 	-85.75 	8	3	157.83 	194.80 	58.26 
384	87.68 	-88.15 	8	3	1017.11 	1078.48 	45.57 
385	138.99 	-118.13 	8	1	111.82 	161.46 	52.84 
386	103.21 	-117.88 	8	2	344.98 	391.08 	47.09 
387	116.14 	-114.87 	8	5	451.49 	501.52 	51.34 
388	130.65 	-97.42 	8	1	1089.43 	1146.32 	58.69 
389	129.81 	-101.48 	8	1	590.95 	649.81 	60.17 
390	129.38 	-101.41 	8	3	154.77 	218.47 	56.69 
391	124.89 	-113.51 	8	2	645.49 	695.04 	50.64 
392	114.53 	-129.22 	8	2	113.10 	167.36 	53.90 
393	82.91 	-109.67 	8	3	89.14 	149.24 	55.92 
394	110.60 	-88.56 	8	4	689.19 	747.43 	51.88 
395	95.14 	-89.83 	8	2	243.74 	298.45 	63.24 
396	86.23 	-121.06 	8	3	1099.18 	1160.38 	61.94 
397	124.33 	-88.30 	8	1	28.23 	85.73 	63.96 
398	82.48 	-98.27 	8	2	144.62 	204.54 	50.36 
399	91.79 	-92.42 	8	1	331.26 	381.34 	63.88 
400	91.81 	-103.43 	8	4	45.12 	87.07 	46.45 

