24           5              4              1                2             28


1	1	2	0	1200	400	600	30
2	1	3	0	1200	400	600	30
3	2	1	0	1200	400	600	30
4	2	3	0	1200	400	600	30
5	0	5	0	1200	400	600	30


1             -1.66 	-7.65        1              
2             -1.66 	-7.65        1             
3             1.64 	 8.66        2              
4             1.64 	 8.66        2             

1	-2.42 	-7.09 	1	2	38.12 	64.77 	54.74 
2	-1.92 	-9.11 	1	2	1001.62 	1021.47 	46.69 
3	-0.68 	-6.28 	1	4	664.22 	692.21 	48.28 
4	-3.07 	-6.96 	1	3	174.38 	195.24 	51.23 
5	-0.47 	-9.21 	1	5	205.73 	230.50 	56.17 
6	-1.99 	-8.74 	1	4	1040.16 	1071.04 	48.49 
7	2.06 	-10.17 	1	3	955.64 	991.82 	61.95 
8	-5.15 	-8.65 	1	3	496.47 	525.86 	62.00 
9	-0.25 	-5.95 	1	1	483.01 	507.99 	60.75 
10	-2.41 	-4.92 	1	2	97.84 	121.86 	49.19 
11	-2.54 	-7.19 	1	1	420.31 	449.89 	64.55 
12	-1.06 	-7.57 	1	1	229.07 	249.63 	59.38 
13	8.30 	5.67 	2	3	233.05 	252.70 	46.03 
14	2.37 	8.19 	2	1	526.15 	566.68 	45.93 
15	0.92 	13.31 	2	2	655.88 	683.30 	46.85 
16	0.06 	11.39 	2	3	308.10 	318.55 	63.39 
17	0.57 	8.24 	2	4	1125.52 	1152.91 	50.70 
18	2.02 	9.45 	2	1	519.56 	540.60 	47.94 
19	-0.52 	7.42 	2	5	930.00 	958.21 	56.59 
20	0.13 	8.13 	2	2	753.89 	782.35 	53.99 
21	2.94 	7.27 	2	2	628.08 	658.18 	57.43 
22	2.51 	5.00 	2	3	391.69 	418.18 	55.58 
23	1.17 	8.45 	2	1	149.59 	170.37 	60.11 
24	-0.81 	11.35 	2	4	950.19 	982.43 	56.52 
