12           3           2         1          2         16


1	1	2	0	1200	400	600	30
2	2	2	0	1200	400	600	30
3	0	5	0	1200	400	600	30

1	-3.63 	-1.62 	1	
2	-3.63 	-1.62 	1	
3	3.51	1.10	2	
4	3.51	1.10 	2	

1	-4.93 	-0.76 	1	5	176.18 	205.10 	48.03 
2	-6.22 	-6.60 	1	1	339.73 	367.95 	47.42 
3	-4.14 	0.42 	1	1	539.56 	563.87 	46.05 
4	-0.10 	-9.13 	1	4	926.94 	947.63 	47.64 
5	-2.60 	1.44 	1	2	971.19 	994.81 	53.15 
6	-3.81 	4.91 	1	2	501.60 	526.65 	64.84 
7	4.01 	-1.25 	2	2	802.86 	825.80 	56.58 
8	5.21 	0.78 	2	1	397.17 	425.87 	51.87 
9	3.81 	0.20 	2	2	842.48 	869.83 	64.74 
10	1.40 	4.25 	2	5	383.93 	404.57 	46.81 
11	1.69 	2.83 	2	1	524.24 	549.78 	53.46 
12	4.96 	-0.25 	2	1	489.84 	518.36 	56.16 
