48           10              8              2                4             56     

1	1	1	0	1200	400	600	30
2	1	3	0	1200	400	600	30
3	2	1	0	1200	400	600	30
4	2	3	0	1200	400	600	30
5	3	1	0	1200	400	600	30
6	3	3	0	1200	400	600	30
7	4	2	0	1200	400	600	30
8	4	3	0	1200	400	600	30
9	0	5	0	1200	400	600	30
10	0	5	0	1200	400	600	30


1              -7.99 	-5.15           1              
2               -7.99 	-5.15           1             
3              8.98	  4.73           2            
4              8.98	  4.73           2            
5               6.69            -14.95        3              
6               6.69            -14.95        3             
7             25.92             13.09        4              
8             25.92             13.09        4             


1	-9.74 	-3.76 	1	1	892.09 	917.28 	45.02 
2	-5.31 	-3.67 	1	2	444.60 	471.41 	62.38 
3	-9.79 	-5.93 	1	2	464.61 	486.93 	49.26 
4	-5.97 	-8.72 	1	2	61.09 	89.63 	47.35 
5	-9.18 	-4.78 	1	5	788.67 	820.24 	54.94 
6	-7.35 	-10.15 	1	4	60.05 	91.64 	63.61 
7	-8.19 	-6.65 	1	3	292.00 	318.34 	54.83 
8	-8.08 	-6.37 	1	1	453.23 	472.55 	54.36 
9	-9.47 	-2.10 	1	4	88.87 	113.04 	46.99 
10	-7.84 	-3.56 	1	3	1141.38 	1170.54 	58.70 
11	-8.96 	0.03 	1	3	961.52 	978.94 	53.68 
12	-5.97 	-6.20 	1	1	805.98 	829.81 	59.31 
13	4.20 	9.41 	2	1	910.73 	944.36 	60.51 
14	14.12 	5.72 	2	2	214.75 	234.15 	53.88 
15	13.43 	5.40 	2	2	77.58 	104.56 	64.75 
16	6.84 	3.71 	2	3	252.95 	269.88 	61.24 
17	4.66 	3.50 	2	2	1037.25 	1050.80 	60.59 
18	12.72 	3.34 	2	1	186.66 	207.13 	60.53 
19	10.85 	2.58 	2	4	294.58 	315.28 	62.36 
20	6.18 	5.08 	2	4	266.94 	295.86 	56.36 
21	7.80 	1.44 	2	5	695.28 	714.48 	61.17 
22	12.40 	7.14 	2	1	180.60 	200.32 	56.70 
23	6.24 	6.68 	2	3	1060.72 	1091.80 	55.95 
24	8.31 	4.55 	2	3	1140.85 	1166.05 	55.31 
25	4.54 	-17.59 	3	4	226.49 	249.99 	48.28 
26	5.41 	-13.27 	3	3	1176.50 	1213.58 	55.84 
27	7.98 	-15.45 	3	2	656.65 	681.63 	62.46 
28	4.59 	-12.75 	3	1	256.91 	279.30 	62.40 
29	5.05 	-16.92 	3	3	290.26 	310.34 	51.73 
30	7.16 	-15.28 	3	2	447.96 	467.10 	54.29 
31	9.84 	-15.42 	3	2	1158.65 	1183.66 	53.82 
32	13.90 	-11.17 	3	5	96.25 	127.61 	63.59 
33	5.82 	-14.92 	3	1	1181.86 	1214.75 	59.98 
34	8.00 	-17.05 	3	3	542.56 	570.07 	46.41 
35	2.97 	-14.34 	3	1	72.64 	95.90 	48.20 
36	5.01 	-15.20 	3	4	741.00 	766.38 	52.48 
37	26.17 	18.92 	4	1	689.64 	713.16 	49.70 
38	26.50 	13.14 	4	2	190.62 	211.80 	49.32 
39	27.93 	6.85 	4	3	906.13 	931.04 	63.88 
40	23.13 	16.44 	4	2	956.16 	977.98 	53.30 
41	26.70 	11.63 	4	1	671.41 	695.52 	64.98 
42	28.59 	14.19 	4	1	240.19 	274.16 	52.49 
43	25.01 	16.54 	4	3	285.02 	307.43 	58.36 
44	21.90 	17.18 	4	2	212.94 	231.58 	54.05 
45	23.91 	17.87 	4	3	1175.31 	1205.43 	55.32 
46	27.30 	9.91 	4	4	705.76 	740.10 	50.66 
47	24.71 	10.22 	4	4	688.93 	719.22 	56.49 
48	29.16 	4.16 	4	4	416.10 	433.18 	63.99 
