48           10              8              2                4             56     

1	1	1	0	1200	400	600	30
2	1	3	0	1200	400	600	30
3	2	1	0	1200	400	600	30
4	2	3	0	1200	400	600	30
5	3	1	0	1200	400	600	30
6	3	3	0	1200	400	600	30
7	4	2	0	1200	400	600	30
8	4	3	0	1200	400	600	30
9	0	5	0	1200	400	600	30
10	0	5	0	1200	400	600	30


1              0 	75        1              
2              0 	75        1             
3              75 	  0        2              
4              75 	  0        2             
5               0            -75        3              
6               0            -75        3             
7              -75             0        4              
8              -75             0        4             

1	-8.27 	85.41 	1	2	738.21 	755.29 	53.19 
2	-20.84 	107.80 	1	4	1089.74 	1126.21 	50.39 
3	15.96 	41.50 	1	1	568.26 	590.08 	52.71 
4	17.61 	97.49 	1	3	282.10 	305.21 	47.99 
5	-34.90 	97.45 	1	3	767.74 	792.48 	64.92 
6	-33.48 	74.15 	1	1	1093.42 	1127.61 	53.45 
7	32.60 	79.71 	1	3	504.81 	534.75 	60.50 
8	6.33 	52.44 	1	2	348.20 	373.31 	61.15 
9	-27.72 	97.67 	1	1	175.13 	198.27 	60.50 
10	30.44 	83.60 	1	2	770.05 	796.79 	63.72 
11	34.00 	100.73 	1	5	961.94 	985.40 	54.69 
12	-9.32 	88.04 	1	5	218.46 	255.24 	60.43 
13	82.28 	12.00 	2	5	1098.01 	1123.64 	62.74 
14	105.29 	-13.59 	2	2	1170.27 	1201.70 	51.98 
15	103.62 	-19.07 	2	1	483.45 	504.89 	53.51 
16	85.49 	-33.23 	2	3	484.19 	505.45 	56.92 
17	82.59 	-25.34 	2	4	600.98 	626.75 	57.41 
18	41.58 	-7.33 	2	2	512.17 	539.26 	56.55 
19	87.70 	-9.44 	2	1	950.47 	967.10 	60.18 
20	91.63 	-27.35 	2	3	1038.97 	1062.59 	63.51 
21	71.00 	-24.66 	2	1	774.68 	799.12 	56.50 
22	88.39 	34.75 	2	5	605.96 	631.77 	50.89 
23	88.04 	10.83 	2	2	759.57 	786.97 	49.87 
24	80.35 	-23.88 	2	3	158.21 	185.93 	51.92 
25	-4.85 	-92.79 	3	3	161.00 	194.20 	55.48 
26	2.30 	-79.97 	3	5	882.02 	905.15 	63.23 
27	17.76 	-68.11 	3	5	917.06 	940.21 	46.95 
28	22.56 	-43.43 	3	5	575.67 	591.52 	60.14 
29	32.31 	-41.56 	3	2	111.87 	136.50 	50.92 
30	-8.51 	-50.53 	3	2	1148.17 	1165.14 	50.53 
31	21.51 	-56.14 	3	1	1183.10 	1197.21 	64.78 
32	-12.18 	-73.72 	3	3	767.16 	796.42 	48.99 
33	-16.42 	-90.23 	3	1	522.00 	547.90 	51.28 
34	16.27 	-88.59 	3	1	48.47 	73.84 	47.01 
35	15.91 	-58.49 	3	3	80.67 	98.05 	49.17 
36	10.75 	-77.53 	3	2	688.11 	712.42 	59.18 
37	-51.95 	4.53 	4	3	729.90 	750.50 	56.76 
38	-40.81 	-31.44 	4	2	426.40 	449.69 	55.31 
39	-58.32 	-26.66 	4	3	991.61 	1024.04 	46.61 
40	-64.67 	-29.14 	4	1	765.86 	782.36 	62.25 
41	-69.39 	24.47 	4	5	152.80 	177.17 	47.73 
42	-97.86 	-1.67 	4	1	1145.24 	1181.26 	50.42 
43	-52.10 	-4.37 	4	5	976.53 	999.87 	59.56 
44	-98.97 	-14.13 	4	3	837.40 	853.10 	58.30 
45	-59.03 	33.60 	4	4	92.61 	112.48 	45.99 
46	-101.16 	-34.21 	4	2	506.43 	537.75 	51.44 
47	-80.92 	19.39 	4	2	802.61 	835.65 	58.84 
48	-81.18 	-32.15 	4	1	448.47 	481.54 	59.70 
