24           5              4              1                2             28


1	1	2	0	1200	400	600	30
2	1	3	0	1200	400	600	30
3	2	1	0	1200	400	600	30
4	2	3	0	1200	400	600	30
5	0	5	0	1200	400	600	30


1             -8.30 	-1.57        1              
2             -8.30 	-1.57        1             
3              7.60	 0.30        2              
4              7.60	 0.30        2             


1	-12.62 	0.02 	1	1	316.19 	367.73 	62.94 
2	-8.52 	-0.86 	1	5	726.11 	772.93 	46.40 
3	-7.05 	-2.23 	1	4	481.44 	525.08 	45.24 
4	-10.55 	1.69 	1	3	819.63 	864.32 	52.47 
5	-8.44 	-1.18 	1	2	209.17 	256.22 	50.45 
6	-10.46 	-2.31 	1	4	83.82 	133.50 	62.74 
7	-7.00 	-2.30 	1	2	335.82 	383.56 	59.95 
8	-4.32 	-4.77 	1	3	158.44 	213.25 	54.30 
9	-8.21 	-2.33 	1	3	264.48 	318.77 	47.28 
10	-4.77 	-2.42 	1	2	442.57 	491.59 	63.92 
11	-6.91 	-2.71 	1	1	585.01 	637.05 	46.33 
12	-10.71 	0.58 	1	1	351.45 	404.89 	57.05 
13	7.85 	-6.10 	2	1	954.04 	1012.80 	58.45 
14	9.15 	1.79 	2	4	500.04 	562.14 	56.16 
15	5.24 	-0.52 	2	3	280.97 	337.59 	64.75 
16	5.47 	2.37 	2	3	549.50 	602.35 	62.02 
17	12.14 	-2.62 	2	1	551.85 	618.92 	63.05 
18	9.32 	0.22 	2	2	52.63 	107.19 	47.09 
19	7.99 	3.68 	2	2	824.99 	890.31 	58.42 
20	5.29 	5.84 	2	2	114.86 	167.06 	46.69 
21	8.32 	3.28 	2	4	344.82 	398.18 	46.89 
22	8.16 	-0.64 	2	1	634.80 	690.86 	62.86 
23	3.55 	-1.61 	2	3	1050.07 	1107.92 	61.50 
24	8.67 	-2.08 	2	4	206.91 	257.57 	56.06 
