400           64             48              16               8             416


1	1	1	0	1200	400	600	30
2	1	1	0	1200	400	600	30
3	1	2	0	1200	400	600	30
4	1	2	0	1200	400	600	30
5	1	3	0	1200	400	600	30
6	1	3	0	1200	400	600	30
7	2	1	0	1200	400	600	30
8	2	1	0	1200	400	600	30
9	2	2	0	1200	400	600	30
10	2	2	0	1200	400	600	30
11	2	3	0	1200	400	600	30
12	2	3	0	1200	400	600	30
13	3	1	0	1200	400	600	30
14	3	1	0	1200	400	600	30
15	3	2	0	1200	400	600	30
16	3	2	0	1200	400	600	30
17	3	3	0	1200	400	600	30
18	3	3	0	1200	400	600	30
19	4	1	0	1200	400	600	30
20	4	1	0	1200	400	600	30
21	4	2	0	1200	400	600	30
22	4	2	0	1200	400	600	30
23	4	3	0	1200	400	600	30
24	4	3	0	1200	400	600	30
25	5	1	0	1200	400	600	30
26	5	1	0	1200	400	600	30
27	5	2	0	1200	400	600	30
28	5	2	0	1200	400	600	30
29	5	3	0	1200	400	600	30
30	5	3	0	1200	400	600	30
31	6	1	0	1200	400	600	30
32	6	1	0	1200	400	600	30
33	6	2	0	1200	400	600	30
34	6	2	0	1200	400	600	30
35	6	3	0	1200	400	600	30
36	6	3	0	1200	400	600	30
37	7	1	0	1200	400	600	30
38	7	1	0	1200	400	600	30
39	7	2	0	1200	400	600	30
40	7	2	0	1200	400	600	30
41	7	3	0	1200	400	600	30
42	7	3	0	1200	400	600	30
43	8	1	0	1200	400	600	30
44	8	1	0	1200	400	600	30
45	8	2	0	1200	400	600	30
46	8	2	0	1200	400	600	30
47	8	3	0	1200	400	600	30
48	8	3	0	1200	400	600	30
49	0	5	0	1200	400	600	30
50	0	5	0	1200	400	600	30
51	0	5	0	1200	400	600	30
52	0	5	0	1200	400	600	30
53	0	5	0	1200	400	600	30
54	0	5	0	1200	400	600	30
55	0	5	0	1200	400	600	30
56	0	5	0	1200	400	600	30
57	0	5	0	1200	400	600	30
58	0	5	0	1200	400	600	30
59	0	5	0	1200	400	600	30
60	0	5	0	1200	400	600	30
61	0	5	0	1200	400	600	30
62	0	5	0	1200	400	600	30
63	0	5	0	1200	400	600	30
64	0	5	0	1200	400	600	30


1              -110 	110         1              
2              -110 	110         1             
3                0 	110         2              
4                0 	110         2            
5               110          110         3              
6               110          110         3             
7              -110            0          4              
8              -110            0          4             
9               110 	   0         5              
10             110 	   0         5             
11            -110 	-110         6             
12            -110 	-110         6             
13               0          -110         7              
14               0          -110         7            
15              110       -110          8              
16              110       -110          8             


1	-87.53 	107.17 	1	1	1055.47 	1107.41 	57.88 
2	-104.74 	137.06 	1	3	118.85 	156.65 	49.55 
3	-126.40 	87.49 	1	5	432.09 	493.21 	59.92 
4	-130.98 	104.21 	1	1	276.04 	335.90 	53.43 
5	-128.07 	133.87 	1	1	1139.98 	1180.19 	60.06 
6	-132.13 	133.90 	1	1	306.80 	362.80 	57.63 
7	-114.32 	96.26 	1	3	387.71 	444.42 	58.36 
8	-106.37 	136.60 	1	2	531.44 	588.83 	47.27 
9	-133.12 	98.28 	1	2	958.52 	1016.07 	54.24 
10	-138.97 	137.53 	1	2	232.32 	281.55 	47.82 
11	-136.85 	96.84 	1	4	726.94 	781.09 	49.62 
12	-110.27 	83.32 	1	2	77.78 	120.18 	46.63 
13	-81.12 	111.59 	1	3	878.84 	927.55 	53.21 
14	-105.43 	105.52 	1	4	735.56 	782.82 	58.33 
15	-129.66 	122.00 	1	1	289.70 	338.08 	50.14 
16	-121.79 	97.40 	1	3	70.65 	120.24 	46.58 
17	-94.00 	92.20 	1	1	1003.22 	1064.12 	50.31 
18	-121.68 	110.13 	1	5	717.22 	773.84 	51.87 
19	-83.09 	85.98 	1	5	527.87 	577.43 	45.30 
20	-80.59 	134.17 	1	2	999.54 	1048.20 	52.52 
21	-89.75 	110.95 	1	3	272.45 	335.33 	52.41 
22	-124.17 	133.88 	1	2	864.70 	908.19 	45.34 
23	-124.78 	91.06 	1	2	718.33 	766.15 	51.98 
24	-132.93 	128.57 	1	5	906.38 	961.87 	47.93 
25	-107.57 	112.12 	1	2	909.17 	960.51 	45.13 
26	-111.86 	116.14 	1	1	1009.89 	1052.82 	54.92 
27	-87.52 	125.06 	1	3	507.92 	558.78 	46.30 
28	-97.69 	129.33 	1	3	262.94 	314.53 	63.96 
29	-104.95 	103.32 	1	2	217.74 	265.62 	55.19 
30	-130.63 	103.11 	1	3	778.35 	833.94 	59.93 
31	-132.11 	118.50 	1	5	86.52 	137.49 	54.08 
32	-110.58 	114.33 	1	1	258.58 	314.58 	48.33 
33	-122.77 	94.99 	1	5	66.74 	120.14 	52.48 
34	-132.08 	109.08 	1	5	44.46 	106.76 	61.03 
35	-134.84 	94.43 	1	1	755.80 	810.22 	59.66 
36	-114.91 	109.79 	1	1	746.18 	804.64 	51.03 
37	-136.67 	138.63 	1	5	238.61 	297.29 	63.24 
38	-124.89 	122.44 	1	1	583.14 	636.17 	50.95 
39	-98.52 	96.66 	1	2	123.24 	179.13 	55.23 
40	-118.15 	114.58 	1	3	641.69 	697.82 	49.20 
41	-85.62 	124.59 	1	5	979.06 	1030.88 	53.64 
42	-104.95 	107.23 	1	3	453.26 	509.42 	63.28 
43	-100.24 	107.00 	1	1	835.04 	876.61 	59.79 
44	-125.66 	90.03 	1	2	389.16 	442.23 	63.33 
45	-132.83 	118.03 	1	3	603.30 	650.72 	51.94 
46	-119.33 	98.90 	1	3	245.96 	308.35 	59.23 
47	-127.02 	81.65 	1	2	1103.74 	1169.99 	53.77 
48	-109.78 	128.54 	1	1	45.21 	101.37 	60.82 
49	-108.23 	100.79 	1	5	887.26 	939.43 	49.98 
50	-132.13 	135.42 	1	1	404.94 	452.78 	58.47 
51	-22.83 	98.68 	2	5	832.73 	892.30 	52.93 
52	25.20 	114.76 	2	2	182.85 	237.70 	59.67 
53	-18.93 	131.90 	2	1	1080.09 	1132.21 	62.04 
54	18.06 	120.83 	2	3	497.91 	557.24 	61.98 
55	22.01 	135.92 	2	3	943.59 	1018.63 	52.01 
56	21.10 	131.88 	2	2	589.06 	652.99 	49.95 
57	-7.22 	137.00 	2	5	131.38 	177.60 	63.97 
58	22.48 	120.74 	2	1	166.00 	220.51 	50.69 
59	-11.67 	110.64 	2	3	856.68 	914.78 	56.15 
60	-3.98 	123.47 	2	3	709.89 	765.67 	56.92 
61	-25.26 	136.89 	2	5	196.07 	250.47 	45.39 
62	2.27 	80.25 	2	2	607.47 	656.78 	48.09 
63	7.32 	116.61 	2	1	832.88 	902.39 	60.60 
64	12.75 	92.10 	2	1	379.07 	428.70 	61.48 
65	-25.37 	118.20 	2	3	943.38 	1002.09 	55.89 
66	22.24 	111.69 	2	1	250.48 	310.10 	59.23 
67	-2.60 	108.02 	2	1	770.64 	828.59 	56.76 
68	4.43 	110.54 	2	2	610.38 	664.29 	58.58 
69	20.79 	123.52 	2	3	254.61 	304.55 	53.89 
70	19.65 	136.35 	2	1	280.08 	330.70 	54.93 
71	12.48 	106.24 	2	3	1004.22 	1061.02 	62.04 
72	-17.70 	128.25 	2	5	831.17 	883.37 	49.51 
73	-16.61 	115.39 	2	4	1020.23 	1073.63 	49.81 
74	-0.99 	115.12 	2	1	75.07 	135.05 	45.61 
75	-26.07 	95.79 	2	1	620.92 	667.93 	50.43 
76	23.02 	116.21 	2	2	1051.54 	1105.43 	50.68 
77	12.17 	97.96 	2	2	601.23 	646.19 	62.60 
78	-27.90 	93.98 	2	1	323.89 	367.80 	54.69 
79	5.36 	83.59 	2	1	532.35 	585.52 	64.43 
80	-0.60 	122.84 	2	2	472.48 	520.36 	54.86 
81	-4.16 	107.02 	2	1	910.19 	965.85 	51.95 
82	-27.51 	95.09 	2	3	632.15 	683.78 	63.56 
83	-9.25 	111.11 	2	1	794.15 	842.23 	51.06 
84	-5.40 	112.19 	2	4	472.59 	530.47 	58.54 
85	-2.53 	124.21 	2	3	350.60 	419.74 	46.24 
86	-3.23 	104.85 	2	2	1064.12 	1121.19 	45.73 
87	-3.39 	91.81 	2	5	897.87 	945.60 	61.70 
88	7.02 	108.65 	2	3	222.79 	271.43 	61.18 
89	28.42 	87.17 	2	3	121.44 	177.85 	46.09 
90	28.15 	110.67 	2	5	895.73 	946.68 	58.96 
91	14.12 	126.56 	2	5	48.14 	96.51 	48.61 
92	1.27 	117.36 	2	5	636.03 	685.61 	54.64 
93	16.50 	105.05 	2	2	1165.39 	1221.47 	62.78 
94	24.31 	137.56 	2	2	146.90 	199.24 	50.58 
95	5.06 	107.24 	2	3	221.44 	277.65 	54.77 
96	-10.95 	96.34 	2	5	619.82 	676.33 	51.80 
97	-4.23 	133.24 	2	5	570.33 	613.90 	59.34 
98	9.64 	99.29 	2	2	466.03 	520.73 	47.15 
99	3.69 	136.17 	2	1	363.55 	417.71 	47.02 
100	-4.12 	87.78 	2	2	1016.81 	1061.95 	60.44 
101	90.08 	85.42 	3	5	32.64 	94.75 	58.75 
102	135.23 	98.35 	3	1	462.79 	518.72 	62.88 
103	89.09 	121.18 	3	2	872.59 	925.76 	50.95 
104	138.03 	106.97 	3	2	904.51 	961.42 	49.15 
105	121.59 	93.36 	3	3	39.16 	90.05 	52.21 
106	106.59 	118.32 	3	1	676.77 	732.26 	53.55 
107	94.48 	105.08 	3	2	308.29 	357.08 	62.14 
108	84.18 	106.62 	3	2	728.54 	785.18 	55.61 
109	127.13 	90.44 	3	3	374.08 	435.46 	53.35 
110	115.38 	87.55 	3	3	967.98 	1021.54 	53.73 
111	97.44 	123.47 	3	2	899.94 	954.47 	45.96 
112	89.77 	120.08 	3	2	905.62 	957.18 	50.33 
113	84.60 	96.66 	3	5	240.94 	303.12 	49.85 
114	102.18 	97.22 	3	5	107.28 	162.20 	60.95 
115	82.45 	112.12 	3	1	142.38 	199.93 	59.25 
116	139.31 	105.50 	3	3	642.59 	691.33 	64.93 
117	92.16 	93.53 	3	1	386.82 	430.80 	57.86 
118	94.52 	127.14 	3	1	93.08 	151.64 	61.19 
119	89.57 	134.25 	3	2	94.00 	156.37 	49.79 
120	137.07 	125.47 	3	3	312.04 	365.88 	62.55 
121	87.94 	87.35 	3	1	792.14 	852.84 	53.49 
122	95.46 	99.23 	3	5	560.54 	618.05 	46.84 
123	122.40 	84.39 	3	3	913.72 	964.92 	61.69 
124	99.34 	135.75 	3	3	1074.29 	1136.35 	47.29 
125	83.57 	128.33 	3	1	736.81 	788.51 	63.47 
126	97.32 	105.68 	3	1	56.06 	107.21 	45.38 
127	105.21 	103.51 	3	1	466.11 	516.09 	56.60 
128	129.84 	126.27 	3	4	362.21 	422.42 	63.82 
129	86.93 	126.91 	3	3	371.12 	427.02 	53.43 
130	107.51 	82.75 	3	5	111.56 	158.70 	48.30 
131	135.70 	102.45 	3	4	1092.01 	1138.96 	58.62 
132	127.07 	139.32 	3	1	598.30 	646.31 	61.86 
133	101.05 	131.73 	3	3	60.09 	106.02 	55.85 
134	93.07 	125.04 	3	1	430.91 	489.59 	45.04 
135	126.80 	137.77 	3	2	602.11 	656.73 	48.52 
136	101.69 	99.74 	3	5	105.87 	152.75 	58.47 
137	121.42 	86.59 	3	2	323.64 	374.31 	62.01 
138	128.01 	107.74 	3	5	974.00 	1025.09 	51.40 
139	94.98 	106.29 	3	1	119.11 	167.87 	54.12 
140	93.73 	98.99 	3	3	825.62 	875.76 	46.15 
141	88.42 	114.89 	3	5	784.77 	840.33 	62.77 
142	116.51 	126.62 	3	2	393.75 	463.23 	60.94 
143	95.16 	83.57 	3	5	171.15 	222.00 	58.33 
144	132.40 	104.86 	3	1	332.73 	387.68 	51.05 
145	128.08 	138.63 	3	1	606.93 	659.47 	57.65 
146	85.28 	116.94 	3	2	623.95 	679.45 	47.23 
147	125.66 	128.55 	3	3	1054.08 	1102.38 	61.97 
148	112.30 	139.90 	3	2	370.75 	430.85 	53.25 
149	105.31 	112.79 	3	5	591.18 	638.79 	59.10 
150	82.33 	88.58 	3	3	167.51 	225.16 	45.95 
151	-139.00 	3.04 	4	3	233.88 	288.51 	52.90 
152	-93.04 	-27.54 	4	2	397.38 	450.19 	45.51 
153	-86.52 	-5.89 	4	1	807.69 	864.47 	50.06 
154	-135.21 	-7.18 	4	1	328.04 	376.14 	63.30 
155	-132.44 	8.23 	4	1	612.75 	671.37 	57.61 
156	-88.78 	-12.06 	4	2	248.81 	302.79 	45.02 
157	-101.19 	-28.47 	4	3	39.12 	80.91 	51.85 
158	-129.85 	25.55 	4	5	592.48 	642.00 	58.01 
159	-123.28 	21.68 	4	2	1120.27 	1169.55 	50.76 
160	-107.05 	-23.70 	4	1	101.31 	160.74 	52.45 
161	-109.58 	7.98 	4	2	405.10 	457.51 	51.90 
162	-101.46 	-18.91 	4	2	1009.73 	1071.64 	51.72 
163	-97.37 	-26.12 	4	1	956.40 	1016.14 	57.59 
164	-96.67 	-29.18 	4	1	1035.29 	1078.18 	54.17 
165	-131.96 	1.60 	4	1	414.36 	470.64 	57.17 
166	-94.29 	23.56 	4	3	1156.77 	1211.83 	49.31 
167	-80.75 	9.98 	4	3	917.45 	976.05 	60.02 
168	-93.29 	-6.96 	4	5	132.96 	183.91 	50.73 
169	-81.30 	-1.93 	4	3	550.67 	606.33 	48.29 
170	-80.40 	23.36 	4	4	346.36 	396.97 	62.44 
171	-135.81 	16.77 	4	1	543.95 	599.97 	49.23 
172	-104.21 	8.29 	4	1	1147.05 	1200.32 	61.69 
173	-82.65 	-3.17 	4	5	106.60 	162.50 	64.66 
174	-86.95 	-7.16 	4	3	797.20 	848.54 	62.27 
175	-86.51 	14.50 	4	1	780.24 	833.87 	61.75 
176	-129.57 	7.06 	4	3	485.82 	539.71 	63.57 
177	-80.57 	28.06 	4	3	1035.32 	1091.97 	51.88 
178	-93.53 	28.47 	4	2	763.26 	819.90 	45.39 
179	-118.52 	29.94 	4	1	753.63 	797.40 	46.62 
180	-93.36 	4.20 	4	2	1003.99 	1062.97 	57.06 
181	-102.88 	17.50 	4	1	578.51 	633.91 	59.25 
182	-115.14 	24.63 	4	5	626.19 	672.82 	46.59 
183	-97.96 	-21.65 	4	3	870.63 	914.59 	56.52 
184	-107.18 	9.43 	4	5	835.16 	894.74 	60.29 
185	-80.93 	20.10 	4	5	146.68 	202.28 	47.51 
186	-88.32 	6.85 	4	2	979.53 	1036.42 	50.34 
187	-118.11 	-29.15 	4	3	853.47 	905.05 	60.44 
188	-136.17 	7.73 	4	1	367.48 	422.34 	48.36 
189	-97.80 	-27.00 	4	4	31.52 	88.35 	63.56 
190	-121.71 	-16.05 	4	2	231.64 	289.98 	55.41 
191	-133.81 	6.36 	4	2	279.14 	334.56 	64.54 
192	-82.22 	-11.75 	4	3	1102.25 	1160.74 	46.27 
193	-118.01 	-22.06 	4	2	316.87 	364.94 	46.33 
194	-101.80 	-29.29 	4	5	930.85 	985.29 	58.80 
195	-132.63 	25.91 	4	5	1072.28 	1123.39 	46.26 
196	-104.96 	-16.96 	4	2	892.79 	939.14 	63.06 
197	-93.40 	2.15 	4	5	803.23 	859.59 	57.26 
198	-106.10 	3.84 	4	1	438.85 	495.87 	64.98 
199	-82.29 	-13.93 	4	3	396.25 	448.07 	58.79 
200	-84.54 	-10.64 	4	5	878.82 	927.01 	55.67 
201	92.35 	-22.47 	5	3	531.08 	592.70 	60.43 
202	87.97 	4.61 	5	3	697.66 	745.04 	64.26 
203	91.96 	13.14 	5	2	576.29 	622.26 	60.62 
204	92.64 	-10.55 	5	3	188.06 	247.52 	58.80 
205	133.49 	11.24 	5	4	638.21 	686.93 	59.16 
206	117.77 	-13.23 	5	1	1138.64 	1194.95 	57.52 
207	120.01 	21.99 	5	5	1067.67 	1113.68 	57.01 
208	111.02 	6.81 	5	5	149.72 	203.82 	62.67 
209	92.14 	-21.72 	5	5	623.82 	669.77 	63.86 
210	124.01 	-28.49 	5	2	960.87 	1009.20 	55.52 
211	83.38 	17.53 	5	3	922.56 	975.61 	64.97 
212	124.00 	-4.05 	5	5	287.59 	341.67 	62.45 
213	110.96 	2.85 	5	2	898.61 	953.58 	59.35 
214	118.39 	8.92 	5	3	576.29 	638.53 	60.72 
215	86.45 	-25.89 	5	2	47.36 	97.92 	53.57 
216	81.28 	-17.60 	5	2	205.63 	258.55 	54.07 
217	124.68 	-25.22 	5	5	641.47 	697.01 	61.29 
218	86.65 	-12.87 	5	1	429.97 	485.34 	55.12 
219	102.19 	17.78 	5	1	894.97 	945.20 	61.38 
220	127.02 	27.47 	5	2	239.93 	297.49 	53.65 
221	118.43 	23.19 	5	1	459.40 	509.22 	47.85 
222	84.92 	23.31 	5	3	671.48 	730.36 	56.04 
223	104.28 	-24.44 	5	2	510.07 	565.15 	55.08 
224	114.53 	-8.54 	5	5	972.87 	1032.98 	62.47 
225	97.44 	24.35 	5	5	102.91 	161.24 	62.47 
226	87.71 	19.60 	5	3	631.98 	672.19 	54.57 
227	89.96 	-2.55 	5	1	574.92 	630.85 	51.15 
228	80.60 	-11.12 	5	5	835.53 	880.71 	61.94 
229	126.62 	-17.99 	5	1	1022.29 	1083.78 	59.69 
230	108.70 	14.71 	5	5	794.27 	853.77 	46.00 
231	105.57 	-15.19 	5	1	641.98 	696.49 	46.66 
232	102.74 	-12.67 	5	3	1157.52 	1209.34 	56.01 
233	110.76 	-19.93 	5	2	1076.47 	1128.99 	47.63 
234	120.32 	24.33 	5	3	776.60 	843.40 	47.29 
235	108.58 	-14.47 	5	2	835.91 	891.21 	52.83 
236	106.32 	9.70 	5	3	879.66 	932.30 	49.82 
237	110.88 	18.10 	5	3	837.01 	884.10 	61.06 
238	117.64 	10.45 	5	1	578.55 	637.42 	49.76 
239	99.15 	-6.73 	5	5	203.23 	260.43 	61.23 
240	107.23 	-3.38 	5	4	772.12 	827.45 	48.45 
241	133.82 	4.02 	5	1	809.42 	865.61 	46.85 
242	99.67 	-24.17 	5	2	516.68 	572.48 	45.38 
243	131.74 	-7.84 	5	1	733.24 	781.58 	64.04 
244	110.67 	0.05 	5	3	609.50 	656.69 	47.53 
245	127.28 	-14.24 	5	1	401.80 	451.87 	57.77 
246	127.81 	-28.93 	5	4	118.84 	169.90 	47.85 
247	81.87 	21.19 	5	1	836.74 	890.91 	55.35 
248	112.20 	-10.95 	5	2	466.55 	515.55 	47.77 
249	102.38 	26.56 	5	1	840.99 	885.84 	51.27 
250	95.72 	13.36 	5	2	1161.35 	1218.37 	62.73 
251	-101.43 	-87.33 	6	5	713.64 	772.12 	45.69 
252	-85.29 	-121.87 	6	2	442.54 	503.04 	53.86 
253	-116.81 	-114.64 	6	2	755.79 	798.37 	54.90 
254	-101.79 	-91.54 	6	1	738.82 	799.88 	46.24 
255	-126.34 	-88.17 	6	3	320.09 	371.87 	55.88 
256	-104.26 	-94.78 	6	1	363.37 	421.79 	55.22 
257	-119.72 	-134.84 	6	1	653.22 	703.70 	62.81 
258	-139.85 	-89.94 	6	3	885.29 	944.36 	56.24 
259	-90.81 	-102.77 	6	2	240.58 	290.38 	61.68 
260	-127.54 	-97.98 	6	1	629.78 	678.72 	50.67 
261	-135.52 	-99.02 	6	1	147.01 	206.16 	50.01 
262	-137.65 	-97.17 	6	1	269.12 	322.45 	51.25 
263	-122.60 	-102.03 	6	2	447.53 	502.07 	60.61 
264	-87.23 	-113.23 	6	5	167.67 	215.94 	62.37 
265	-100.15 	-106.53 	6	4	196.70 	244.21 	45.01 
266	-136.65 	-99.97 	6	2	339.02 	395.78 	48.97 
267	-93.13 	-94.54 	6	5	98.14 	153.23 	51.07 
268	-138.34 	-120.67 	6	1	524.42 	576.58 	51.80 
269	-110.46 	-119.33 	6	2	1134.42 	1195.50 	52.61 
270	-98.24 	-130.02 	6	1	1086.67 	1140.94 	48.37 
271	-86.24 	-103.08 	6	1	223.93 	275.82 	50.26 
272	-81.98 	-91.24 	6	3	803.30 	852.26 	56.01 
273	-80.96 	-107.07 	6	4	209.12 	255.73 	62.09 
274	-80.82 	-130.81 	6	2	549.51 	608.32 	58.51 
275	-83.73 	-115.45 	6	3	966.49 	1014.31 	55.20 
276	-121.13 	-102.76 	6	5	182.35 	225.47 	56.96 
277	-130.16 	-125.56 	6	5	332.48 	384.97 	60.12 
278	-117.03 	-99.28 	6	2	1144.73 	1199.58 	64.56 
279	-89.11 	-87.64 	6	5	27.87 	82.04 	50.32 
280	-115.60 	-115.56 	6	2	1038.14 	1094.57 	58.48 
281	-137.55 	-115.38 	6	3	151.57 	202.71 	49.13 
282	-92.02 	-127.21 	6	1	28.96 	82.77 	54.23 
283	-116.32 	-92.90 	6	3	485.01 	544.49 	55.53 
284	-114.93 	-86.58 	6	3	752.12 	809.86 	49.74 
285	-104.07 	-135.82 	6	1	492.77 	539.99 	45.89 
286	-95.76 	-94.68 	6	4	171.46 	210.76 	52.06 
287	-103.81 	-120.59 	6	3	743.26 	788.79 	56.70 
288	-103.96 	-94.45 	6	5	140.56 	199.85 	58.54 
289	-107.32 	-123.61 	6	3	901.80 	949.86 	53.01 
290	-105.88 	-98.59 	6	1	480.52 	550.46 	48.24 
291	-95.27 	-113.16 	6	2	622.65 	685.92 	58.49 
292	-86.52 	-137.90 	6	3	679.05 	723.39 	54.13 
293	-114.58 	-126.12 	6	5	1008.03 	1062.65 	52.20 
294	-118.75 	-91.43 	6	5	135.12 	200.48 	54.90 
295	-94.78 	-88.37 	6	2	884.12 	934.76 	48.13 
296	-134.57 	-97.18 	6	1	963.25 	1010.93 	46.46 
297	-92.96 	-94.85 	6	5	786.96 	843.00 	51.58 
298	-84.53 	-117.79 	6	3	890.99 	948.95 	54.72 
299	-133.82 	-107.06 	6	2	989.33 	1042.35 	45.30 
300	-110.14 	-126.79 	6	3	272.75 	330.99 	49.55 
301	20.76 	-84.49 	7	2	314.80 	369.90 	49.07 
302	-19.15 	-138.79 	7	1	212.21 	271.62 	54.57 
303	21.48 	-134.11 	7	3	143.68 	210.40 	45.24 
304	-15.55 	-119.71 	7	5	1142.16 	1188.82 	59.46 
305	-8.61 	-124.61 	7	3	361.66 	412.60 	64.58 
306	7.63 	-113.19 	7	2	38.39 	90.62 	49.01 
307	-24.95 	-119.68 	7	1	676.40 	729.70 	45.95 
308	0.13 	-135.88 	7	1	556.05 	606.47 	46.05 
309	12.78 	-101.22 	7	3	297.99 	346.44 	45.70 
310	21.77 	-90.59 	7	4	217.03 	268.22 	53.56 
311	-20.41 	-97.12 	7	5	1120.15 	1174.44 	62.98 
312	2.76 	-127.01 	7	3	642.27 	700.96 	50.91 
313	-3.70 	-95.75 	7	3	819.21 	871.93 	48.24 
314	-27.53 	-113.55 	7	3	714.91 	770.48 	47.52 
315	6.33 	-107.17 	7	1	617.21 	664.93 	52.67 
316	-3.12 	-137.54 	7	5	277.13 	328.28 	49.44 
317	9.14 	-92.71 	7	2	678.37 	719.17 	57.64 
318	28.40 	-92.97 	7	3	503.18 	560.08 	51.82 
319	24.55 	-95.99 	7	3	1004.57 	1060.51 	54.05 
320	18.45 	-105.71 	7	3	504.77 	561.51 	46.32 
321	25.90 	-119.84 	7	2	944.32 	1001.57 	51.09 
322	-18.63 	-137.11 	7	1	470.11 	521.91 	54.80 
323	-28.13 	-136.22 	7	1	365.92 	422.79 	51.72 
324	-15.84 	-104.68 	7	2	47.31 	100.54 	59.67 
325	-14.38 	-120.75 	7	2	750.06 	806.21 	64.20 
326	26.13 	-100.34 	7	5	165.33 	219.03 	55.32 
327	-3.21 	-113.63 	7	2	199.75 	244.43 	64.61 
328	-16.84 	-94.41 	7	1	698.34 	750.81 	49.70 
329	13.54 	-100.91 	7	5	299.99 	354.73 	48.64 
330	-1.60 	-97.85 	7	5	1131.95 	1183.39 	60.22 
331	-21.15 	-139.38 	7	4	752.56 	806.31 	50.97 
332	17.41 	-94.89 	7	5	829.44 	884.11 	52.27 
333	-26.36 	-97.51 	7	3	930.67 	983.20 	55.77 
334	-23.10 	-89.59 	7	2	607.77 	666.93 	64.56 
335	16.19 	-82.43 	7	2	472.59 	517.52 	60.92 
336	16.50 	-115.96 	7	1	179.55 	235.73 	48.31 
337	12.87 	-104.04 	7	1	316.06 	376.47 	52.81 
338	1.56 	-91.25 	7	1	983.07 	1033.95 	52.14 
339	22.90 	-120.59 	7	2	533.71 	580.96 	62.16 
340	17.70 	-123.10 	7	2	114.14 	157.45 	47.87 
341	24.24 	-91.93 	7	3	603.17 	650.28 	54.62 
342	6.48 	-80.98 	7	4	1126.17 	1179.06 	53.02 
343	-0.27 	-105.78 	7	1	1026.62 	1084.49 	58.04 
344	6.21 	-91.78 	7	1	275.35 	319.08 	45.63 
345	6.25 	-104.89 	7	2	1059.46 	1114.46 	60.56 
346	-25.86 	-98.64 	7	1	522.37 	575.27 	61.01 
347	-12.57 	-122.04 	7	5	1044.26 	1104.75 	58.68 
348	-19.86 	-110.84 	7	3	725.86 	786.66 	46.44 
349	28.05 	-110.58 	7	5	236.06 	283.24 	58.25 
350	-10.07 	-134.51 	7	5	971.70 	1028.79 	50.83 
351	84.39 	-99.70 	8	2	1064.85 	1119.64 	50.83 
352	86.74 	-132.96 	8	3	1016.66 	1074.74 	51.04 
353	81.88 	-123.79 	8	5	467.95 	526.84 	48.24 
354	97.31 	-88.35 	8	2	610.53 	666.10 	53.06 
355	133.90 	-119.97 	8	1	421.22 	479.82 	59.16 
356	88.55 	-103.72 	8	5	660.84 	703.76 	47.04 
357	126.73 	-99.20 	8	1	697.01 	749.66 	53.13 
358	113.09 	-118.00 	8	3	1010.87 	1066.72 	61.23 
359	118.76 	-84.47 	8	3	710.76 	758.80 	54.89 
360	138.63 	-128.91 	8	2	1117.82 	1168.88 	54.97 
361	129.05 	-95.59 	8	3	1022.08 	1069.22 	50.30 
362	87.54 	-89.51 	8	1	38.82 	101.99 	64.32 
363	111.56 	-138.39 	8	5	677.57 	729.00 	55.53 
364	134.47 	-113.20 	8	3	802.90 	858.36 	45.88 
365	108.08 	-96.04 	8	4	1164.66 	1221.12 	62.11 
366	136.00 	-92.32 	8	2	557.47 	616.22 	48.39 
367	123.41 	-95.22 	8	3	1154.96 	1205.57 	45.24 
368	81.63 	-129.19 	8	1	331.85 	391.12 	49.40 
369	92.87 	-82.09 	8	3	384.53 	434.47 	63.13 
370	90.77 	-113.90 	8	3	611.43 	665.07 	64.20 
371	130.93 	-80.20 	8	2	119.86 	171.99 	57.61 
372	120.36 	-108.47 	8	3	1050.95 	1106.34 	48.61 
373	82.90 	-120.39 	8	1	670.41 	722.98 	53.07 
374	138.81 	-118.11 	8	5	1174.79 	1219.63 	56.87 
375	84.75 	-136.65 	8	1	498.03 	557.29 	53.81 
376	91.75 	-113.78 	8	1	305.23 	363.34 	48.26 
377	89.22 	-110.71 	8	3	1023.63 	1082.53 	57.39 
378	135.23 	-80.41 	8	1	613.39 	673.32 	45.01 
379	106.35 	-111.88 	8	1	674.66 	720.07 	53.97 
380	80.48 	-90.03 	8	5	692.45 	753.92 	49.90 
381	132.92 	-95.16 	8	2	84.76 	129.00 	53.72 
382	96.77 	-84.25 	8	5	893.80 	954.64 	56.96 
383	136.57 	-137.51 	8	2	182.27 	228.34 	55.07 
384	130.76 	-136.37 	8	3	326.71 	381.31 	46.52 
385	86.85 	-119.73 	8	1	602.54 	660.93 	64.00 
386	137.34 	-103.48 	8	4	390.31 	450.58 	52.91 
387	137.74 	-105.32 	8	5	750.06 	804.20 	50.80 
388	97.73 	-121.56 	8	4	594.34 	646.66 	58.17 
389	89.56 	-110.00 	8	2	453.69 	505.36 	49.73 
390	84.15 	-118.56 	8	2	639.80 	699.20 	60.23 
391	87.73 	-121.08 	8	1	417.11 	474.07 	49.29 
392	119.71 	-125.55 	8	5	1017.19 	1063.55 	49.37 
393	120.83 	-82.14 	8	5	1169.33 	1227.48 	50.70 
394	124.34 	-114.73 	8	3	961.94 	1015.59 	63.09 
395	82.85 	-132.89 	8	2	1130.10 	1176.52 	47.53 
396	113.07 	-99.19 	8	5	463.93 	516.63 	54.93 
397	130.17 	-102.72 	8	1	245.99 	294.69 	59.09 
398	90.94 	-88.28 	8	2	319.98 	370.98 	57.64 
399	105.80 	-80.50 	8	1	643.16 	711.20 	61.63 
400	81.52 	-98.53 	8	2	553.61 	609.54 	48.06 
