48           10              8              2                4             56     

1	1	1	0	1200	400	600	30
2	1	3	0	1200	400	600	30
3	2	1	0	1200	400	600	30
4	2	3	0	1200	400	600	30
5	3	1	0	1200	400	600	30
6	3	3	0	1200	400	600	30
7	4	2	0	1200	400	600	30
8	4	3	0	1200	400	600	30
9	0	5	0	1200	400	600	30
10	0	5	0	1200	400	600	30


1              -5.86	-8.83        1              
2              -5.86	-8.83        1             
3                7.35	 7.76        2              
4                7.35	 7.76        2             
5               13.31       -9.09        3              
6                13.31      -9.09        3             
7              14.63         24.04       4              
8              14.63         24.04       4             


1	-4.60 	-7.60 	1	4	379.31 	405.14 	55.34 
2	-8.24 	-13.78 	1	2	128.40 	150.13 	54.51 
3	-5.59 	-8.93 	1	3	936.78 	954.04 	46.82 
4	-7.62 	-10.68 	1	3	152.16 	176.54 	51.69 
5	-5.15 	-12.86 	1	5	407.31 	422.81 	48.70 
6	-3.12 	-6.94 	1	1	903.80 	926.32 	50.50 
7	-6.45 	-4.68 	1	2	253.25 	283.55 	63.05 
8	-6.31 	-8.82 	1	1	327.39 	346.08 	54.08 
9	-5.96 	-5.44 	1	3	780.58 	802.96 	46.75 
10	-4.22 	-5.66 	1	4	400.92 	428.92 	52.45 
11	-7.45 	-11.38 	1	1	601.37 	627.08 	62.89 
12	-5.58 	-9.17 	1	2	798.02 	829.81 	53.34 
13	8.22 	6.34 	2	2	612.46 	637.96 	53.29 
14	6.17 	8.13 	2	3	176.13 	204.56 	57.85 
15	5.48 	4.80 	2	2	969.66 	987.84 	46.28 
16	8.65 	7.63 	2	4	865.34 	886.95 	53.23 
17	5.88 	7.06 	2	1	1000.07 	1022.99 	64.18 
18	7.79 	9.97 	2	1	809.63 	837.77 	58.94 
19	9.38 	5.71 	2	1	778.04 	813.50 	62.13 
20	6.27 	8.23 	2	4	63.33 	89.49 	52.96 
21	8.86 	7.63 	2	3	72.01 	93.54 	49.46 
22	5.44 	8.24 	2	5	471.07 	487.28 	46.71 
23	11.93 	9.40 	2	2	820.55 	846.08 	64.50 
24	4.19 	10.01 	2	3	257.11 	281.62 	56.08 
25	12.10 	-10.40 	3	1	257.68 	288.45 	54.73 
26	14.76 	-14.12 	3	4	601.41 	621.82 	53.99 
27	13.07 	-13.70 	3	2	488.34 	514.68 	54.01 
28	12.26 	-4.66 	3	2	1155.45 	1193.33 	53.95 
29	12.98 	-3.64 	3	5	1154.98 	1174.51 	47.27 
30	13.61 	-10.80 	3	2	979.78 	994.56 	55.22 
31	14.09 	-7.36 	3	1	976.73 	1002.79 	48.41 
32	14.03 	-5.89 	3	3	550.58 	583.92 	57.87 
33	12.68 	-8.85 	3	1	536.54 	562.64 	51.46 
34	10.87 	-11.19 	3	3	80.00 	92.54 	62.88 
35	15.55 	-9.21 	3	3	964.89 	987.27 	60.97 
36	13.73 	-9.21 	3	5	799.69 	821.91 	54.38 
37	16.37 	24.36 	4	3	878.90 	897.73 	64.16 
38	15.97 	19.25 	4	2	590.70 	612.67 	50.00 
39	19.06 	26.42 	4	4	880.17 	911.91 	64.68 
40	13.19 	23.35 	4	5	248.73 	263.85 	58.19 
41	23.17 	23.82 	4	2	126.16 	151.80 	50.24 
42	11.70 	25.97 	4	1	659.07 	684.11 	58.14 
43	9.23 	24.85 	4	3	639.00 	671.66 	47.89 
44	13.71 	25.39 	4	3	99.79 	121.47 	57.87 
45	16.38 	17.79 	4	1	1100.88 	1130.67 	46.40 
46	10.91 	21.77 	4	4	1054.80 	1081.86 	49.08 
47	8.59 	28.51 	4	2	186.31 	217.57 	58.12 
48	17.32 	27.01 	4	1	900.45 	925.99 	64.67 



