400           64             48              16               8             416


1	1	1	0	1200	400	600	30
2	1	1	0	1200	400	600	30
3	1	2	0	1200	400	600	30
4	1	2	0	1200	400	600	30
5	1	3	0	1200	400	600	30
6	1	3	0	1200	400	600	30
7	2	1	0	1200	400	600	30
8	2	1	0	1200	400	600	30
9	2	2	0	1200	400	600	30
10	2	2	0	1200	400	600	30
11	2	3	0	1200	400	600	30
12	2	3	0	1200	400	600	30
13	3	1	0	1200	400	600	30
14	3	1	0	1200	400	600	30
15	3	2	0	1200	400	600	30
16	3	2	0	1200	400	600	30
17	3	3	0	1200	400	600	30
18	3	3	0	1200	400	600	30
19	4	1	0	1200	400	600	30
20	4	1	0	1200	400	600	30
21	4	2	0	1200	400	600	30
22	4	2	0	1200	400	600	30
23	4	3	0	1200	400	600	30
24	4	3	0	1200	400	600	30
25	5	1	0	1200	400	600	30
26	5	1	0	1200	400	600	30
27	5	2	0	1200	400	600	30
28	5	2	0	1200	400	600	30
29	5	3	0	1200	400	600	30
30	5	3	0	1200	400	600	30
31	6	1	0	1200	400	600	30
32	6	1	0	1200	400	600	30
33	6	2	0	1200	400	600	30
34	6	2	0	1200	400	600	30
35	6	3	0	1200	400	600	30
36	6	3	0	1200	400	600	30
37	7	1	0	1200	400	600	30
38	7	1	0	1200	400	600	30
39	7	2	0	1200	400	600	30
40	7	2	0	1200	400	600	30
41	7	3	0	1200	400	600	30
42	7	3	0	1200	400	600	30
43	8	1	0	1200	400	600	30
44	8	1	0	1200	400	600	30
45	8	2	0	1200	400	600	30
46	8	2	0	1200	400	600	30
47	8	3	0	1200	400	600	30
48	8	3	0	1200	400	600	30
49	0	5	0	1200	400	600	30
50	0	5	0	1200	400	600	30
51	0	5	0	1200	400	600	30
52	0	5	0	1200	400	600	30
53	0	5	0	1200	400	600	30
54	0	5	0	1200	400	600	30
55	0	5	0	1200	400	600	30
56	0	5	0	1200	400	600	30
57	0	5	0	1200	400	600	30
58	0	5	0	1200	400	600	30
59	0	5	0	1200	400	600	30
60	0	5	0	1200	400	600	30
61	0	5	0	1200	400	600	30
62	0	5	0	1200	400	600	30
63	0	5	0	1200	400	600	30
64	0	5	0	1200	400	600	30


1              -1.94 	-10.96          1              
2              -1.94 	-10.96          1             
3                2.56 	9.42          2              
4                2.56 	9.42          2             
5               -18.30 	4.75          3              
6               -18.30 	4.75          3             
7              7.02 	30.61           4              
8              7.02 	30.61           4             
9               -13.26 	24.60          5              
10             -13.26 	24.60          5             
11            11.78 	50.63          6              
12            11.78 	50.63         6             
13               -8.93 	45.90          7              
14               -8.93 	45.90          7            
15              16.81 	71.98           8              
16              16.81 	71.98           8             


1	-2.53 	-13.80 	1	5	481.07 	532.85 	62.41 
2	-1.45 	-8.14 	1	5	656.05 	701.71 	54.88 
3	1.76 	-11.39 	1	1	572.19 	629.21 	63.56 
4	-1.98 	-15.97 	1	1	1156.54 	1212.68 	57.99 
5	1.83 	-7.22 	1	3	141.76 	196.83 	48.97 
6	-4.77 	-10.20 	1	5	407.75 	469.96 	58.00 
7	2.30 	-8.51 	1	3	420.29 	478.38 	57.95 
8	-0.65 	-5.41 	1	3	929.59 	982.06 	53.79 
9	-6.57 	-9.73 	1	5	309.47 	363.97 	62.52 
10	-2.82 	-7.94 	1	5	451.09 	504.48 	63.34 
11	-9.11 	-14.84 	1	2	957.42 	1018.19 	59.79 
12	-4.04 	-11.64 	1	1	26.98 	77.23 	60.25 
13	-5.69 	-10.38 	1	5	723.58 	784.26 	56.43 
14	-3.83 	-12.99 	1	2	896.91 	950.10 	57.78 
15	-2.66 	-13.50 	1	3	884.03 	936.21 	62.09 
16	-1.08 	-16.24 	1	1	627.97 	688.51 	52.70 
17	-5.04 	-12.59 	1	3	206.77 	256.23 	55.93 
18	0.60 	-10.63 	1	1	959.52 	1018.12 	53.99 
19	-2.71 	-11.95 	1	2	324.26 	389.62 	54.81 
20	4.09 	-7.76 	1	2	472.26 	539.52 	51.36 
21	0.61 	-11.18 	1	1	228.00 	291.27 	52.57 
22	-6.99 	-9.37 	1	3	331.48 	384.32 	53.78 
23	-3.35 	-10.41 	1	1	524.99 	589.45 	54.70 
24	-5.27 	-9.31 	1	2	911.09 	969.80 	58.31 
25	-0.48 	-9.37 	1	4	232.97 	293.90 	62.42 
26	-4.87 	-10.87 	1	3	886.29 	936.10 	58.63 
27	-0.50 	-8.31 	1	5	126.11 	170.11 	53.40 
28	-5.79 	-12.08 	1	1	418.48 	466.44 	54.41 
29	0.27 	-16.49 	1	1	690.22 	755.16 	63.00 
30	-4.12 	-10.57 	1	1	1006.10 	1057.19 	60.41 
31	-1.74 	-9.01 	1	1	579.30 	624.26 	52.55 
32	3.28 	-19.17 	1	5	252.69 	300.95 	59.14 
33	-1.11 	-7.20 	1	3	263.83 	318.49 	49.45 
34	-7.79 	-12.99 	1	2	1009.30 	1064.58 	46.34 
35	-0.73 	-11.53 	1	3	532.93 	584.65 	61.31 
36	-3.29 	-12.29 	1	2	836.93 	885.34 	51.51 
37	-2.07 	-17.14 	1	1	344.02 	403.80 	60.90 
38	-1.97 	-6.59 	1	2	475.75 	526.70 	52.83 
39	1.60 	-11.62 	1	2	955.41 	1011.31 	47.23 
40	-1.20 	-4.98 	1	4	964.33 	1012.18 	53.67 
41	0.02 	-5.08 	1	2	259.16 	312.76 	48.63 
42	0.90 	-4.48 	1	3	221.82 	282.34 	50.89 
43	0.79 	-12.36 	1	3	428.75 	479.09 	61.93 
44	-1.82 	-12.76 	1	2	882.59 	938.13 	54.64 
45	-0.56 	-16.86 	1	5	654.60 	707.10 	51.02 
46	0.88 	-13.38 	1	5	664.65 	716.84 	62.41 
47	-3.05 	-12.83 	1	3	664.14 	723.28 	55.85 
48	-1.12 	-12.19 	1	1	939.20 	988.67 	54.31 
49	-1.50 	-8.14 	1	2	239.48 	289.98 	50.88 
50	-1.80 	-8.43 	1	1	829.33 	887.82 	51.23 
51	2.98 	9.35 	2	1	549.78 	601.86 	53.23 
52	0.88 	13.62 	2	5	869.78 	927.27 	59.88 
53	3.55 	13.28 	2	1	323.65 	363.67 	50.21 
54	0.65 	6.65 	2	1	226.33 	281.62 	62.75 
55	-0.65 	9.45 	2	2	675.61 	739.64 	61.86 
56	2.87 	11.35 	2	3	769.96 	826.17 	61.88 
57	4.31 	11.22 	2	3	951.42 	1001.50 	63.93 
58	2.24 	12.20 	2	5	786.43 	842.51 	61.86 
59	2.40 	8.09 	2	2	235.52 	288.79 	46.61 
60	4.33 	7.47 	2	1	321.60 	379.99 	63.26 
61	2.45 	13.07 	2	5	685.13 	738.74 	64.54 
62	4.04 	10.18 	2	3	1116.78 	1174.74 	48.93 
63	-1.57 	6.16 	2	1	1039.80 	1093.35 	56.18 
64	3.42 	11.00 	2	3	1069.97 	1114.05 	57.99 
65	2.28 	2.94 	2	2	311.58 	371.48 	58.07 
66	1.95 	6.28 	2	2	271.37 	326.99 	45.10 
67	2.33 	9.06 	2	1	838.68 	889.29 	48.15 
68	0.84 	11.89 	2	5	832.06 	889.99 	54.22 
69	-3.19 	6.10 	2	3	223.89 	280.36 	47.47 
70	2.98 	5.24 	2	1	51.35 	102.68 	62.07 
71	8.15 	9.54 	2	1	672.88 	720.87 	54.92 
72	1.99 	7.90 	2	5	445.88 	498.45 	47.24 
73	0.35 	11.38 	2	5	684.67 	734.53 	50.02 
74	3.81 	9.29 	2	4	1051.55 	1101.16 	59.25 
75	5.40 	7.62 	2	3	986.47 	1036.65 	63.80 
76	7.60 	11.50 	2	3	851.73 	907.27 	56.40 
77	2.99 	10.03 	2	1	625.44 	682.22 	51.27 
78	1.47 	3.45 	2	2	767.26 	824.63 	53.44 
79	3.92 	9.03 	2	3	1135.41 	1194.62 	46.30 
80	-0.72 	10.64 	2	2	115.83 	163.68 	48.44 
81	7.92 	9.61 	2	1	596.50 	641.11 	52.11 
82	5.23 	10.91 	2	5	657.97 	713.66 	52.32 
83	1.25 	8.14 	2	3	465.78 	515.43 	49.62 
84	0.97 	6.55 	2	2	656.91 	695.32 	52.98 
85	2.50 	6.95 	2	2	196.76 	241.71 	57.61 
86	3.64 	12.72 	2	4	109.92 	159.12 	54.45 
87	0.77 	7.67 	2	2	1121.97 	1181.45 	63.51 
88	4.12 	9.70 	2	3	367.34 	419.44 	47.97 
89	1.64 	6.94 	2	5	408.97 	466.15 	60.81 
90	-1.09 	8.31 	2	3	1054.21 	1092.56 	58.59 
91	3.38 	9.06 	2	3	845.20 	906.00 	57.04 
92	2.30 	11.13 	2	1	998.70 	1053.41 	48.89 
93	0.16 	13.49 	2	2	791.34 	844.85 	53.82 
94	5.74 	10.42 	2	5	571.42 	632.70 	53.54 
95	4.22 	9.33 	2	1	80.80 	132.66 	53.98 
96	0.80 	11.51 	2	1	608.62 	657.86 	45.04 
97	-0.14 	10.27 	2	1	1142.12 	1196.44 	48.91 
98	6.43 	10.14 	2	2	459.55 	519.77 	48.16 
99	-0.12 	9.78 	2	2	528.90 	576.61 	48.63 
100	4.13 	13.53 	2	5	701.96 	754.21 	57.24 
101	-21.45 	7.88 	3	2	745.19 	804.78 	54.67 
102	-16.50 	4.54 	3	2	86.32 	129.60 	59.36 
103	-19.20 	5.08 	3	3	317.01 	377.61 	56.29 
104	-20.31 	1.47 	3	1	28.41 	82.25 	46.38 
105	-16.71 	1.67 	3	5	154.35 	211.62 	45.37 
106	-18.07 	6.41 	3	4	965.83 	1026.79 	59.70 
107	-15.72 	4.79 	3	3	458.62 	510.31 	58.80 
108	-15.89 	2.33 	3	3	1052.70 	1106.21 	59.42 
109	-21.39 	0.73 	3	2	120.78 	175.62 	59.83 
110	-21.26 	3.51 	3	5	144.21 	195.29 	50.63 
111	-17.31 	4.52 	3	1	945.90 	1001.35 	45.72 
112	-13.86 	6.76 	3	1	951.84 	1004.65 	55.35 
113	-18.81 	5.00 	3	1	214.01 	280.00 	55.36 
114	-23.64 	4.97 	3	5	989.01 	1051.61 	63.15 
115	-20.79 	5.59 	3	3	83.83 	143.45 	63.99 
116	-17.21 	7.44 	3	5	752.12 	816.18 	62.25 
117	-16.66 	6.77 	3	1	746.89 	807.92 	56.27 
118	-22.42 	4.55 	3	1	49.83 	95.38 	49.19 
119	-15.42 	6.21 	3	2	605.43 	652.21 	50.80 
120	-21.11 	4.19 	3	3	1046.30 	1103.06 	61.04 
121	-21.34 	7.53 	3	1	533.93 	591.41 	58.42 
122	-16.18 	4.82 	3	3	916.00 	975.60 	56.09 
123	-17.09 	3.44 	3	2	1000.63 	1057.65 	63.38 
124	-22.69 	5.28 	3	2	1075.25 	1136.10 	46.72 
125	-18.29 	5.22 	3	1	909.56 	955.67 	61.47 
126	-12.36 	5.10 	3	4	1015.63 	1071.13 	46.78 
127	-14.87 	3.00 	3	1	247.21 	303.38 	46.13 
128	-16.98 	3.38 	3	2	48.10 	96.47 	49.52 
129	-14.34 	8.13 	3	1	759.30 	814.06 	60.24 
130	-20.84 	8.00 	3	2	484.60 	544.50 	58.49 
131	-17.72 	2.36 	3	3	523.14 	569.02 	57.41 
132	-15.05 	4.72 	3	5	397.47 	454.73 	60.05 
133	-18.43 	6.24 	3	5	706.09 	769.39 	45.43 
134	-16.20 	2.72 	3	3	862.15 	917.37 	58.86 
135	-22.29 	4.21 	3	1	1042.48 	1090.95 	53.37 
136	-17.80 	2.07 	3	2	489.95 	535.89 	46.03 
137	-17.43 	3.56 	3	5	750.75 	804.87 	64.18 
138	-17.18 	3.02 	3	1	580.67 	625.78 	45.03 
139	-17.14 	7.20 	3	5	649.73 	705.69 	61.12 
140	-20.05 	4.53 	3	1	972.15 	1027.22 	54.30 
141	-18.28 	4.79 	3	3	410.21 	453.62 	60.44 
142	-20.57 	7.19 	3	3	1113.34 	1166.80 	61.15 
143	-18.63 	3.58 	3	1	576.04 	636.12 	47.79 
144	-19.79 	4.70 	3	2	374.45 	427.09 	53.01 
145	-14.82 	3.64 	3	5	316.87 	368.56 	50.31 
146	-16.06 	1.13 	3	3	955.45 	1022.32 	52.43 
147	-17.57 	8.90 	3	2	147.21 	199.96 	55.82 
148	-22.55 	2.89 	3	5	901.59 	953.36 	45.78 
149	-18.67 	8.57 	3	3	900.35 	959.37 	52.16 
150	-20.16 	3.33 	3	2	279.34 	328.82 	45.79 
151	7.90 	29.35 	4	3	317.56 	369.70 	54.46 
152	7.17 	29.99 	4	1	378.08 	432.99 	55.76 
153	8.40 	34.01 	4	5	775.30 	837.73 	62.60 
154	9.07 	32.68 	4	5	591.59 	648.54 	57.33 
155	5.32 	30.91 	4	1	1026.83 	1093.79 	50.74 
156	8.44 	29.53 	4	3	386.47 	443.29 	55.15 
157	4.57 	30.48 	4	2	811.13 	861.81 	61.06 
158	6.62 	29.94 	4	2	352.96 	413.11 	49.51 
159	4.35 	27.10 	4	1	1133.72 	1184.63 	59.49 
160	3.61 	27.89 	4	3	512.58 	568.69 	53.84 
161	4.40 	35.45 	4	1	963.02 	1009.05 	60.91 
162	7.62 	29.31 	4	3	499.44 	551.66 	57.20 
163	7.10 	31.08 	4	5	855.04 	908.45 	54.15 
164	4.81 	28.03 	4	2	973.69 	1015.75 	56.45 
165	8.37 	32.02 	4	5	672.18 	728.79 	62.20 
166	5.27 	33.98 	4	2	29.58 	88.58 	53.62 
167	9.52 	31.06 	4	4	945.17 	1002.86 	59.39 
168	8.87 	28.86 	4	5	918.24 	967.27 	60.87 
169	3.07 	31.24 	4	2	179.84 	241.99 	58.90 
170	7.97 	30.65 	4	1	166.92 	228.92 	59.27 
171	7.78 	34.83 	4	1	117.75 	168.77 	46.68 
172	5.10 	32.00 	4	1	366.24 	417.18 	58.86 
173	7.42 	30.01 	4	4	515.81 	569.46 	49.72 
174	7.77 	27.78 	4	1	306.14 	363.16 	50.28 
175	8.53 	25.59 	4	1	520.65 	572.30 	48.82 
176	6.08 	31.71 	4	3	247.51 	290.42 	56.86 
177	6.11 	34.10 	4	2	825.11 	877.68 	50.18 
178	9.41 	26.36 	4	1	372.74 	433.11 	62.69 
179	10.93 	30.03 	4	5	212.67 	264.64 	51.53 
180	5.39 	33.83 	4	3	203.37 	249.83 	54.29 
181	5.76 	29.79 	4	5	967.09 	1018.91 	53.77 
182	7.92 	27.45 	4	2	587.12 	645.66 	62.57 
183	4.68 	28.59 	4	1	686.99 	742.63 	55.45 
184	9.92 	34.58 	4	5	979.17 	1031.07 	53.74 
185	6.74 	30.47 	4	2	409.55 	466.75 	53.14 
186	8.21 	30.22 	4	3	1122.61 	1182.73 	58.98 
187	8.09 	32.31 	4	3	77.05 	123.79 	47.22 
188	4.10 	32.92 	4	1	538.60 	580.93 	58.32 
189	6.43 	31.70 	4	1	901.63 	962.15 	46.41 
190	8.78 	33.43 	4	3	537.68 	594.57 	57.71 
191	7.43 	31.69 	4	3	868.90 	922.52 	63.58 
192	8.71 	31.81 	4	1	59.77 	119.91 	59.93 
193	9.98 	30.44 	4	2	455.48 	516.21 	56.46 
194	7.65 	31.77 	4	3	628.26 	685.12 	47.36 
195	10.54 	34.45 	4	2	901.55 	963.66 	64.15 
196	7.80 	26.24 	4	3	724.86 	786.26 	54.21 
197	8.91 	26.78 	4	5	942.34 	1000.51 	57.57 
198	2.09 	27.84 	4	2	164.27 	218.44 	64.88 
199	3.93 	26.53 	4	2	1131.31 	1188.30 	61.32 
200	6.46 	31.54 	4	5	660.22 	721.68 	50.86 
201	-15.25 	27.95 	5	3	301.36 	357.80 	55.78 
202	-8.34 	24.07 	5	5	1081.94 	1124.97 	57.40 
203	-17.04 	27.06 	5	2	670.15 	722.44 	60.80 
204	-13.23 	28.29 	5	2	445.24 	506.48 	47.88 
205	-21.74 	26.22 	5	1	1122.40 	1180.89 	53.29 
206	-13.90 	28.09 	5	1	110.06 	152.57 	64.70 
207	-13.95 	25.15 	5	3	39.57 	94.88 	53.83 
208	-20.62 	31.45 	5	1	416.61 	459.95 	61.40 
209	-10.86 	27.58 	5	3	18.24 	84.95 	63.99 
210	-13.53 	21.93 	5	1	1007.86 	1064.84 	58.64 
211	-14.78 	27.41 	5	2	946.67 	999.83 	51.59 
212	-14.36 	19.24 	5	1	632.81 	690.89 	51.44 
213	-9.65 	24.54 	5	3	788.56 	840.00 	53.31 
214	-15.15 	25.77 	5	1	428.77 	470.32 	55.05 
215	-12.75 	26.78 	5	3	916.82 	959.16 	58.32 
216	-9.24 	24.24 	5	5	187.17 	237.48 	45.14 
217	-16.39 	21.95 	5	4	1040.65 	1087.38 	49.08 
218	-17.04 	22.31 	5	1	36.55 	99.45 	51.90 
219	-10.63 	19.89 	5	2	637.42 	687.10 	53.11 
220	-15.21 	22.64 	5	2	962.04 	1004.08 	64.69 
221	-15.37 	27.45 	5	3	997.91 	1053.59 	62.22 
222	-12.76 	25.86 	5	3	755.48 	808.00 	59.37 
223	-15.71 	20.71 	5	5	243.99 	299.78 	57.26 
224	-3.89 	21.62 	5	4	751.42 	801.77 	49.44 
225	-11.52 	20.05 	5	3	1036.96 	1084.99 	60.19 
226	-16.17 	24.49 	5	3	1150.83 	1205.95 	50.49 
227	-10.38 	23.24 	5	1	1142.45 	1190.58 	47.79 
228	-13.34 	23.28 	5	3	1005.75 	1068.56 	64.96 
229	-10.17 	22.55 	5	5	909.53 	971.49 	50.89 
230	-10.13 	23.26 	5	3	952.22 	1006.76 	57.83 
231	-13.27 	23.08 	5	2	763.10 	816.69 	46.39 
232	-16.79 	18.30 	5	1	554.93 	608.84 	49.85 
233	-12.14 	25.05 	5	2	591.02 	648.98 	61.74 
234	-16.16 	21.62 	5	5	594.00 	641.22 	53.61 
235	-14.37 	29.75 	5	1	311.42 	357.31 	49.07 
236	-13.62 	26.25 	5	5	735.88 	792.01 	56.35 
237	-8.54 	22.01 	5	2	999.84 	1056.72 	55.95 
238	-12.56 	27.44 	5	3	489.50 	533.17 	64.29 
239	-13.01 	24.90 	5	5	553.32 	610.25 	63.77 
240	-12.43 	23.07 	5	2	695.16 	744.54 	57.77 
241	-15.43 	23.65 	5	2	719.02 	767.90 	63.39 
242	-6.60 	19.69 	5	5	481.66 	542.68 	47.77 
243	-17.08 	28.00 	5	1	1058.67 	1113.30 	64.00 
244	-12.80 	25.80 	5	2	300.63 	355.59 	51.40 
245	-15.80 	28.53 	5	1	295.84 	348.38 	45.29 
246	-10.66 	27.14 	5	4	775.25 	834.23 	60.85 
247	-8.65 	23.40 	5	1	102.55 	162.79 	62.70 
248	-11.51 	24.82 	5	5	255.33 	318.04 	48.96 
249	-14.23 	29.61 	5	5	815.08 	865.63 	52.44 
250	-14.44 	22.83 	5	2	733.85 	790.91 	55.92 
251	12.54 	51.56 	6	1	189.39 	249.28 	54.91 
252	13.42 	53.82 	6	4	157.98 	218.94 	59.04 
253	10.01 	48.07 	6	3	1104.81 	1161.52 	58.01 
254	13.38 	49.23 	6	1	226.81 	278.63 	58.06 
255	16.42 	46.04 	6	3	100.08 	160.64 	52.37 
256	14.23 	48.75 	6	3	1018.51 	1080.15 	56.48 
257	16.63 	48.70 	6	4	1063.44 	1113.57 	54.52 
258	7.14 	51.49 	6	2	937.06 	992.41 	57.60 
259	13.22 	50.71 	6	1	541.79 	600.51 	53.39 
260	14.67 	54.72 	6	3	774.18 	822.66 	49.98 
261	10.81 	48.40 	6	5	627.52 	688.72 	50.87 
262	7.98 	50.10 	6	2	1068.82 	1120.25 	49.57 
263	10.56 	46.68 	6	4	1096.88 	1156.62 	52.55 
264	12.10 	51.31 	6	3	342.56 	390.61 	58.88 
265	14.42 	51.07 	6	3	1101.72 	1158.35 	57.00 
266	14.47 	49.49 	6	2	45.76 	101.67 	59.31 
267	14.03 	52.00 	6	3	204.09 	249.70 	60.55 
268	11.95 	50.92 	6	5	617.61 	673.01 	46.14 
269	9.30 	51.97 	6	1	1046.01 	1100.00 	46.29 
270	11.61 	52.93 	6	2	737.88 	792.40 	55.62 
271	9.20 	51.77 	6	5	947.87 	1001.94 	64.59 
272	12.01 	52.18 	6	2	46.94 	109.06 	57.37 
273	9.04 	57.12 	6	3	529.79 	592.86 	46.55 
274	9.03 	57.26 	6	2	475.74 	536.18 	57.23 
275	10.38 	48.86 	6	5	221.36 	277.65 	50.10 
276	16.26 	49.75 	6	1	660.81 	712.78 	57.71 
277	11.85 	51.82 	6	2	68.25 	122.98 	57.46 
278	9.79 	49.92 	6	1	635.63 	699.30 	58.82 
279	14.37 	56.91 	6	5	489.60 	551.64 	61.43 
280	11.69 	52.38 	6	5	367.20 	417.12 	46.53 
281	10.38 	53.58 	6	1	329.98 	374.53 	46.99 
282	10.35 	48.92 	6	3	246.75 	302.61 	59.11 
283	13.87 	46.38 	6	2	1141.84 	1191.53 	57.85 
284	8.38 	54.67 	6	3	869.50 	920.06 	48.57 
285	11.71 	44.12 	6	1	90.78 	144.10 	62.00 
286	9.43 	43.58 	6	5	140.32 	206.31 	57.11 
287	13.74 	47.51 	6	2	654.79 	708.82 	45.65 
288	11.09 	52.14 	6	5	133.39 	179.15 	49.26 
289	13.59 	49.84 	6	2	987.56 	1053.53 	50.94 
290	14.60 	55.29 	6	3	285.32 	341.06 	49.58 
291	9.70 	50.80 	6	2	788.70 	841.73 	47.48 
292	12.09 	49.78 	6	1	830.71 	890.04 	49.88 
293	7.36 	50.58 	6	2	124.22 	176.06 	57.08 
294	11.23 	42.58 	6	3	702.11 	756.92 	50.60 
295	10.00 	47.15 	6	5	1167.43 	1220.29 	59.75 
296	11.64 	54.08 	6	1	727.49 	787.80 	45.01 
297	9.97 	53.59 	6	1	1036.65 	1094.07 	51.45 
298	10.00 	51.22 	6	1	1095.28 	1155.79 	52.19 
299	18.04 	48.97 	6	1	1042.21 	1095.95 	46.02 
300	9.23 	50.96 	6	5	209.67 	271.52 	61.02 
301	-9.15 	41.06 	7	4	1059.85 	1110.46 	47.29 
302	-8.92 	45.36 	7	2	471.75 	515.51 	54.65 
303	-9.20 	46.41 	7	3	293.97 	345.31 	46.98 
304	-6.96 	45.29 	7	5	892.94 	941.53 	54.01 
305	-12.25 	48.75 	7	3	564.97 	615.04 	62.62 
306	-9.70 	45.79 	7	5	137.13 	184.55 	64.92 
307	-6.48 	49.94 	7	2	824.04 	888.57 	53.42 
308	-6.12 	41.99 	7	2	450.57 	503.09 	51.96 
309	-5.43 	46.06 	7	1	798.31 	838.33 	45.41 
310	-3.09 	46.57 	7	4	1063.98 	1120.18 	46.38 
311	-10.48 	49.60 	7	5	988.09 	1046.81 	58.62 
312	-5.92 	44.25 	7	2	492.63 	548.16 	52.18 
313	-13.56 	49.29 	7	3	991.35 	1043.41 	54.96 
314	-9.57 	46.85 	7	3	633.21 	689.48 	50.12 
315	-9.83 	45.38 	7	1	767.54 	826.30 	64.18 
316	-14.17 	44.74 	7	5	410.11 	454.35 	54.37 
317	-6.80 	39.58 	7	3	296.41 	349.68 	46.13 
318	-10.17 	47.82 	7	5	599.38 	654.77 	52.67 
319	-11.52 	44.26 	7	5	1108.36 	1163.83 	59.57 
320	-2.91 	41.91 	7	2	541.94 	597.76 	56.15 
321	-8.45 	44.73 	7	1	260.52 	313.38 	48.26 
322	-8.82 	46.25 	7	1	697.97 	746.71 	60.53 
323	-7.41 	45.32 	7	2	381.23 	433.26 	54.48 
324	-8.36 	45.93 	7	2	443.11 	495.63 	56.06 
325	-13.89 	44.97 	7	1	1004.23 	1061.67 	53.81 
326	-15.60 	51.66 	7	1	332.36 	382.20 	62.33 
327	-9.39 	46.78 	7	1	1089.48 	1145.42 	51.29 
328	-9.27 	45.10 	7	5	185.98 	242.35 	57.51 
329	-8.27 	43.33 	7	5	619.20 	677.99 	50.42 
330	-7.15 	45.42 	7	5	99.81 	148.25 	58.89 
331	-3.69 	41.20 	7	1	125.09 	183.11 	62.47 
332	-12.81 	50.05 	7	1	370.89 	421.39 	62.15 
333	-9.07 	45.25 	7	2	1108.26 	1164.40 	64.48 
334	-5.19 	44.21 	7	3	635.07 	691.19 	52.25 
335	-14.24 	46.80 	7	2	413.81 	464.01 	53.00 
336	-9.31 	48.58 	7	3	560.45 	609.78 	46.04 
337	-9.96 	44.33 	7	3	728.88 	783.51 	52.96 
338	-8.87 	46.94 	7	1	793.31 	841.73 	59.95 
339	-12.02 	49.15 	7	3	913.19 	970.36 	47.14 
340	-13.53 	52.10 	7	2	487.68 	549.76 	64.96 
341	-9.62 	43.31 	7	2	734.80 	786.50 	50.99 
342	-10.59 	43.22 	7	1	84.46 	138.68 	47.32 
343	-5.63 	46.90 	7	3	721.04 	780.54 	61.67 
344	-12.77 	46.75 	7	1	957.89 	1003.58 	49.97 
345	-6.60 	45.97 	7	3	423.62 	473.80 	52.83 
346	-8.50 	42.34 	7	5	647.96 	699.89 	49.93 
347	-5.06 	47.95 	7	1	394.27 	458.58 	45.82 
348	-9.31 	50.42 	7	4	946.29 	999.62 	60.60 
349	-5.41 	43.61 	7	3	570.92 	623.97 	52.89 
350	-5.21 	45.71 	7	2	561.12 	624.53 	62.07 
351	18.05 	67.33 	8	2	1125.33 	1174.17 	61.31 
352	19.11 	72.48 	8	1	1100.36 	1160.40 	48.42 
353	16.67 	72.85 	8	5	675.98 	717.04 	59.14 
354	16.23 	70.42 	8	1	357.08 	399.81 	64.37 
355	13.58 	70.85 	8	1	581.83 	617.24 	64.24 
356	20.62 	68.91 	8	3	675.03 	734.73 	63.99 
357	12.12 	77.40 	8	2	827.84 	888.78 	47.61 
358	19.10 	71.75 	8	1	832.23 	878.52 	62.34 
359	17.59 	69.06 	8	3	263.66 	319.98 	54.76 
360	13.29 	74.75 	8	2	23.11 	81.68 	47.51 
361	20.85 	70.94 	8	3	739.26 	788.67 	59.69 
362	9.71 	73.86 	8	2	210.37 	259.43 	49.45 
363	17.09 	73.64 	8	1	344.22 	401.68 	62.06 
364	21.18 	73.08 	8	5	444.55 	505.49 	61.23 
365	17.39 	72.88 	8	5	1006.91 	1065.28 	52.85 
366	16.54 	72.92 	8	1	552.87 	590.65 	64.68 
367	15.56 	68.00 	8	2	787.34 	839.24 	52.22 
368	13.50 	74.95 	8	3	798.31 	848.23 	48.12 
369	12.42 	73.10 	8	4	235.92 	300.15 	55.57 
370	17.65 	68.88 	8	3	1144.74 	1204.21 	48.85 
371	21.41 	76.25 	8	5	782.76 	837.38 	61.63 
372	14.55 	71.68 	8	1	228.15 	269.63 	61.22 
373	11.67 	72.24 	8	3	540.86 	594.67 	55.92 
374	15.68 	70.59 	8	3	127.30 	191.47 	60.80 
375	19.00 	71.31 	8	1	556.04 	611.25 	51.45 
376	15.59 	72.24 	8	3	784.02 	837.33 	53.18 
377	15.92 	69.76 	8	2	684.19 	722.97 	59.87 
378	17.86 	72.29 	8	5	1067.69 	1119.97 	48.22 
379	16.08 	72.21 	8	1	275.50 	324.80 	55.27 
380	20.13 	69.66 	8	3	138.54 	198.29 	63.34 
381	16.93 	75.48 	8	2	1021.47 	1075.55 	64.65 
382	20.82 	67.39 	8	4	53.33 	100.04 	62.96 
383	13.95 	75.07 	8	5	1137.84 	1193.00 	63.12 
384	20.27 	75.16 	8	5	728.61 	792.78 	64.79 
385	15.40 	74.75 	8	2	930.43 	992.81 	61.57 
386	16.37 	71.93 	8	3	624.10 	677.07 	57.07 
387	17.61 	67.89 	8	1	869.77 	922.70 	45.94 
388	19.52 	73.10 	8	1	1061.54 	1113.09 	51.21 
389	20.17 	71.39 	8	1	591.65 	649.92 	55.40 
390	20.36 	64.91 	8	1	187.85 	245.50 	51.65 
391	19.52 	72.28 	8	2	39.52 	95.50 	46.02 
392	12.50 	75.86 	8	2	182.04 	239.58 	53.93 
393	17.00 	72.88 	8	3	737.77 	791.84 	49.68 
394	12.04 	70.72 	8	2	592.75 	642.14 	46.31 
395	12.45 	74.31 	8	5	261.62 	309.40 	48.73 
396	17.81 	69.99 	8	4	811.26 	864.02 	60.60 
397	15.15 	72.88 	8	3	205.53 	265.13 	56.23 
398	21.33 	74.26 	8	5	1151.01 	1195.13 	50.82 
399	15.72 	72.58 	8	2	123.16 	177.17 	61.41 
400	19.56 	70.02 	8	5	966.33 	1018.93 	45.42 
