48           10              8              2                4             56     

1	1	1	0	1200	400	600	30
2	1	3	0	1200	400	600	30
3	2	1	0	1200	400	600	30
4	2	3	0	1200	400	600	30
5	3	1	0	1200	400	600	30
6	3	3	0	1200	400	600	30
7	4	2	0	1200	400	600	30
8	4	3	0	1200	400	600	30
9	0	5	0	1200	400	600	30
10	0	5	0	1200	400	600	30


1              0 	75        1              
2              0 	75        1             
3              75 	  0        2              
4              75 	  0        2             
5               0            -75        3              
6               0            -75        3             
7              -75             0        4              
8              -75             0        4             

1	20.37 	73.70 	1	1	973.23 	1030.22 	61.92 
2	31.93 	66.54 	1	1	859.95 	914.02 	47.43 
3	-12.48 	58.13 	1	2	434.93 	488.19 	49.52 
4	-11.72 	79.33 	1	3	245.74 	300.65 	45.46 
5	20.83 	85.22 	1	3	751.49 	804.67 	61.31 
6	-34.32 	56.49 	1	4	100.91 	153.68 	53.62 
7	6.13 	49.37 	1	5	880.03 	931.99 	63.03 
8	9.16 	84.70 	1	4	67.59 	133.48 	52.34 
9	-13.63 	103.07 	1	2	398.72 	455.25 	52.06 
10	-7.58 	66.79 	1	3	1169.28 	1219.31 	60.21 
11	2.55 	107.87 	1	2	1164.81 	1211.68 	54.16 
12	-18.99 	68.14 	1	1	543.61 	607.71 	54.93 
13	102.31 	27.91 	2	2	74.02 	127.20 	46.05 
14	86.70 	-17.15 	2	5	924.73 	972.11 	48.63 
15	89.07 	26.57 	2	4	336.25 	398.25 	50.42 
16	108.66 	29.63 	2	2	1082.19 	1150.56 	55.00 
17	53.47 	-30.79 	2	1	349.03 	402.35 	46.99 
18	96.66 	26.45 	2	4	174.46 	223.06 	51.46 
19	58.99 	3.93 	2	3	590.48 	643.69 	53.46 
20	69.77 	11.03 	2	1	829.74 	881.53 	54.93 
21	77.91 	32.01 	2	2	247.86 	300.50 	55.80 
22	93.25 	10.81 	2	1	464.26 	522.53 	46.49 
23	78.86 	31.96 	2	3	432.22 	491.33 	53.17 
24	44.76 	29.22 	2	3	447.23 	500.12 	45.13 
25	-4.03 	-64.12 	3	3	1044.93 	1100.82 	57.82 
26	-28.69 	-66.56 	3	4	542.07 	593.94 	55.93 
27	-28.31 	-107.77 	3	3	733.05 	781.89 	48.81 
28	-18.62 	-65.05 	3	2	244.55 	294.77 	49.74 
29	34.45 	-61.66 	3	1	763.04 	824.69 	46.76 
30	28.96 	-46.00 	3	5	883.64 	932.10 	57.48 
31	16.05 	-74.11 	3	1	869.75 	931.02 	48.50 
32	-17.10 	-85.76 	3	2	499.14 	552.50 	50.51 
33	-23.49 	-79.09 	3	3	191.52 	246.66 	48.76 
34	-9.36 	-105.69 	3	1	584.78 	639.59 	58.15 
35	11.48 	-41.68 	3	2	620.95 	677.62 	53.88 
36	-16.70 	-109.14 	3	4	1024.54 	1078.13 	59.87 
37	-98.24 	-12.49 	4	1	691.49 	745.88 	58.79 
38	-58.97 	-15.77 	4	2	160.35 	223.57 	56.76 
39	-92.83 	10.33 	4	3	609.39 	668.64 	47.48 
40	-73.27 	-3.98 	4	4	895.57 	949.72 	60.21 
41	-99.68 	7.75 	4	1	1005.44 	1054.01 	48.29 
42	-59.15 	21.66 	4	3	566.91 	613.21 	54.65 
43	-58.32 	6.81 	4	4	107.59 	159.52 	63.69 
44	-107.84 	-1.79 	4	2	1145.12 	1199.47 	50.30 
45	-86.80 	-9.50 	4	2	363.93 	413.01 	59.58 
46	-101.49 	28.86 	4	1	580.27 	634.63 	47.92 
47	-106.85 	24.16 	4	3	233.70 	283.74 	49.65 
48	-87.45 	-6.71 	4	4	578.95 	633.09 	62.50 
