200           32              24              8                4             208

1	1	1	0	1200	400	600	30
2	1	1	0	1200	400	600	30
3	1	2	0	1200	400	600	30
4	1	2	0	1200	400	600	30
5	1	3	0	1200	400	600	30
6	1	3	0	1200	400	600	30
7	2	1	0	1200	400	600	30
8	2	1	0	1200	400	600	30
9	2	2	0	1200	400	600	30
10	2	2	0	1200	400	600	30
11	2	3	0	1200	400	600	30
12	2	3	0	1200	400	600	30
13	3	1	0	1200	400	600	30
14	3	1	0	1200	400	600	30
15	3	2	0	1200	400	600	30
16	3	2	0	1200	400	600	30
17	3	3	0	1200	400	600	30
18	3	3	0	1200	400	600	30
19	4	1	0	1200	400	600	30
20	4	1	0	1200	400	600	30
21	4	2	0	1200	400	600	30
22	4	2	0	1200	400	600	30
23	4	3	0	1200	400	600	30
24	4	3	0	1200	400	600	30
25	0	5	0	1200	400	600	30
26	0	5	0	1200	400	600	30
27	0	5	0	1200	400	600	30
28	0	5	0	1200	400	600	30
29	0	5	0	1200	400	600	30
30	0	5	0	1200	400	600	30
31	0	5	0	1200	400	600	30
32	0	5	0	1200	400	600	30


1             -5.63 	-6.85         1              
2             -5.63 	-6.85         1             
3              5.94 	6.51         2             
4              5.94 	6.51         2             
5              11.37 	-10.81         3              
6              11.37 	-10.81         3             
7              17.59 	19.90         4              
8              17.59 	19.90         4             


1	-6.93 	-8.88 	1	1	553.75 	605.63 	54.67 
2	-2.94 	-9.05 	1	5	806.10 	866.21 	60.53 
3	-4.81 	-4.74 	1	3	495.47 	552.87 	63.75 
4	-7.41 	-4.27 	1	2	479.92 	535.55 	50.10 
5	-6.17 	-5.57 	1	3	290.33 	344.35 	53.21 
6	-6.29 	-9.51 	1	2	1111.30 	1162.77 	52.11 
7	-4.38 	-8.93 	1	3	309.53 	358.00 	58.07 
8	-6.58 	-13.85 	1	5	994.60 	1047.94 	57.91 
9	-5.68 	-9.42 	1	5	619.55 	664.44 	45.18 
10	-5.61 	-4.90 	1	2	654.41 	708.63 	47.39 
11	-7.05 	-5.40 	1	1	80.28 	131.26 	58.32 
12	-7.62 	-6.84 	1	4	368.23 	431.00 	54.49 
13	-1.54 	-3.12 	1	1	32.45 	82.03 	49.81 
14	-3.13 	-6.13 	1	3	984.06 	1035.43 	47.90 
15	-2.76 	-1.63 	1	2	578.46 	634.37 	59.04 
16	-5.46 	-1.30 	1	2	574.85 	636.43 	55.93 
17	-6.51 	-5.93 	1	1	102.28 	154.96 	64.69 
18	-2.30 	-5.98 	1	4	885.69 	944.77 	46.56 
19	-3.57 	-6.21 	1	1	1101.12 	1157.49 	45.17 
20	-8.53 	-9.22 	1	5	452.19 	506.43 	52.68 
21	-7.39 	-5.30 	1	5	236.39 	284.29 	58.29 
22	-7.44 	-7.07 	1	5	456.36 	519.24 	48.18 
23	-5.02 	-11.95 	1	1	66.17 	127.49 	64.40 
24	-6.20 	-9.91 	1	5	620.90 	688.34 	57.91 
25	-3.62 	-5.78 	1	1	539.10 	599.24 	49.89 
26	-6.70 	-10.84 	1	2	151.53 	208.55 	58.82 
27	-3.21 	-5.88 	1	1	124.20 	189.45 	51.57 
28	-3.77 	-6.67 	1	3	77.29 	139.78 	62.84 
29	-5.71 	-3.65 	1	2	1023.40 	1065.94 	59.35 
30	-6.46 	-7.51 	1	3	261.96 	308.58 	62.46 
31	-8.09 	-8.69 	1	3	639.03 	700.52 	57.46 
32	-8.95 	-3.55 	1	4	581.78 	642.21 	57.45 
33	-7.40 	-12.28 	1	5	741.85 	782.79 	47.05 
34	-6.17 	-4.94 	1	3	155.58 	216.10 	59.01 
35	-5.40 	-6.07 	1	5	896.60 	944.00 	60.64 
36	-4.80 	-5.31 	1	3	38.05 	92.95 	62.44 
37	-5.23 	-8.67 	1	4	1106.08 	1158.42 	62.78 
38	-7.38 	-6.85 	1	3	1026.03 	1078.97 	51.87 
39	-6.70 	-9.56 	1	3	446.80 	493.22 	63.57 
40	-4.46 	-4.01 	1	5	1163.65 	1217.46 	46.13 
41	-8.96 	-7.58 	1	2	996.06 	1055.91 	62.78 
42	-3.14 	-5.23 	1	3	581.23 	645.53 	60.81 
43	-6.82 	-6.72 	1	2	544.50 	601.12 	59.48 
44	-4.13 	-5.51 	1	2	1065.65 	1116.83 	45.69 
45	-7.32 	-7.06 	1	2	1044.00 	1099.23 	57.14 
46	-5.55 	-8.46 	1	1	80.57 	143.74 	54.45 
47	-4.29 	-4.96 	1	1	62.00 	109.65 	52.61 
48	-3.81 	-10.33 	1	1	464.74 	507.04 	47.38 
49	-8.11 	-7.63 	1	1	776.00 	832.03 	59.36 
50	-3.83 	-3.53 	1	2	95.60 	154.94 	52.20 
51	5.99 	2.33 	2	3	223.71 	281.00 	64.64 
52	8.43 	6.74 	2	2	1050.42 	1107.07 	64.43 
53	5.72 	8.96 	2	3	1003.05 	1061.72 	49.75 
54	8.77 	8.32 	2	1	1011.17 	1070.47 	52.32 
55	4.23 	5.83 	2	3	955.10 	1014.22 	57.61 
56	4.01 	9.28 	2	3	823.37 	874.36 	58.84 
57	8.13 	5.35 	2	5	960.33 	1015.20 	50.87 
58	5.36 	5.45 	2	5	670.10 	723.54 	51.87 
59	3.65 	-0.12 	2	5	1150.05 	1206.99 	46.97 
60	3.53 	6.46 	2	5	828.06 	888.05 	50.90 
61	6.49 	5.48 	2	2	545.00 	602.80 	53.43 
62	5.13 	3.96 	2	5	309.88 	370.99 	60.15 
63	5.11 	8.88 	2	5	335.10 	389.19 	52.78 
64	4.23 	2.68 	2	5	1128.78 	1191.18 	56.36 
65	5.73 	5.58 	2	5	458.11 	522.00 	49.07 
66	8.47 	3.64 	2	2	907.97 	974.11 	55.36 
67	6.86 	7.97 	2	1	596.65 	653.31 	48.11 
68	4.53 	6.30 	2	5	865.35 	917.75 	54.08 
69	5.06 	3.24 	2	2	985.52 	1034.71 	53.09 
70	7.44 	6.66 	2	3	518.54 	574.86 	55.46 
71	3.42 	9.04 	2	1	721.59 	768.60 	53.74 
72	2.62 	9.71 	2	1	918.82 	984.26 	49.22 
73	6.76 	5.34 	2	2	84.92 	149.20 	63.74 
74	10.10 	7.89 	2	2	788.57 	840.44 	64.98 
75	8.22 	7.60 	2	2	588.30 	645.05 	49.73 
76	6.60 	10.30 	2	4	1144.26 	1189.24 	58.30 
77	4.28 	5.49 	2	3	136.37 	189.69 	52.63 
78	6.73 	4.50 	2	2	826.92 	880.89 	59.57 
79	7.38 	9.91 	2	2	916.46 	962.82 	60.19 
80	3.58 	6.68 	2	2	123.81 	169.36 	54.10 
81	6.43 	2.13 	2	3	623.35 	675.31 	61.82 
82	7.54 	5.53 	2	2	28.14 	82.72 	56.14 
83	7.93 	4.23 	2	1	231.02 	279.39 	55.90 
84	7.46 	6.26 	2	1	51.09 	111.08 	47.85 
85	2.85 	8.40 	2	1	342.28 	402.79 	49.82 
86	8.76 	8.00 	2	1	481.24 	534.67 	50.85 
87	3.08 	5.27 	2	1	815.70 	887.13 	63.87 
88	3.12 	4.96 	2	5	926.49 	979.57 	45.81 
89	4.80 	10.77 	2	3	32.92 	70.56 	62.84 
90	5.09 	6.87 	2	3	324.44 	378.80 	59.56 
91	5.52 	6.53 	2	3	331.99 	384.53 	58.94 
92	7.71 	11.39 	2	1	1012.08 	1057.66 	61.96 
93	8.72 	1.90 	2	4	723.73 	776.53 	64.33 
94	1.95 	8.01 	2	1	98.85 	139.40 	56.20 
95	8.47 	9.93 	2	1	149.74 	210.98 	56.57 
96	7.53 	8.79 	2	3	152.70 	203.57 	47.79 
97	9.05 	6.15 	2	3	430.83 	480.09 	52.19 
98	5.67 	5.31 	2	2	676.88 	729.69 	47.75 
99	2.63 	9.64 	2	4	169.51 	217.03 	59.15 
100	5.92 	5.85 	2	4	625.16 	671.71 	48.33 
101	10.61 	-14.77 	3	3	235.05 	293.28 	49.77 
102	14.49 	-15.82 	3	5	568.18 	616.96 	54.66 
103	12.12 	-8.82 	3	5	691.68 	741.09 	60.61 
104	12.92 	-11.24 	3	3	110.81 	161.83 	53.09 
105	11.78 	-7.91 	3	1	734.67 	785.27 	54.03 
106	9.22 	-19.65 	3	1	893.17 	941.44 	62.49 
107	14.23 	-4.16 	3	4	1009.85 	1071.97 	62.34 
108	11.65 	-6.77 	3	2	913.02 	965.83 	62.94 
109	13.54 	-9.26 	3	3	312.59 	364.38 	48.05 
110	11.38 	-12.14 	3	4	381.56 	432.24 	47.96 
111	10.06 	-9.57 	3	5	454.98 	505.40 	60.73 
112	11.62 	-11.47 	3	3	621.40 	683.99 	54.49 
113	11.00 	-8.96 	3	5	1165.04 	1225.14 	53.03 
114	9.49 	-15.42 	3	3	794.55 	845.22 	45.40 
115	12.61 	-10.08 	3	4	725.78 	784.14 	63.49 
116	10.36 	-14.56 	3	2	1131.25 	1187.88 	55.38 
117	13.29 	-8.95 	3	5	1108.89 	1164.79 	61.60 
118	14.22 	-9.50 	3	2	974.81 	1027.39 	62.25 
119	8.82 	-9.83 	3	2	805.86 	858.70 	64.26 
120	9.33 	-11.44 	3	5	851.52 	905.54 	46.03 
121	12.39 	-10.98 	3	1	258.53 	314.13 	50.59 
122	12.40 	-14.17 	3	2	260.42 	319.32 	62.97 
123	9.60 	-11.35 	3	5	463.64 	510.43 	53.81 
124	11.80 	-10.03 	3	1	1119.66 	1180.94 	50.34 
125	11.90 	-10.92 	3	1	259.76 	314.38 	53.50 
126	11.57 	-7.35 	3	1	61.18 	121.33 	58.62 
127	11.94 	-9.88 	3	3	421.42 	483.02 	61.74 
128	15.57 	-5.01 	3	2	817.30 	868.69 	59.68 
129	13.17 	-3.29 	3	3	207.18 	271.22 	46.05 
130	11.36 	-12.17 	3	1	1128.18 	1176.39 	48.53 
131	14.13 	-9.97 	3	5	734.84 	788.80 	63.85 
132	7.20 	-13.71 	3	5	261.49 	309.29 	49.68 
133	11.12 	-10.62 	3	5	992.68 	1054.19 	63.07 
134	10.17 	-12.27 	3	3	639.93 	689.68 	59.72 
135	7.63 	-15.19 	3	3	465.00 	518.50 	48.75 
136	10.06 	-10.61 	3	2	940.01 	990.27 	60.12 
137	8.33 	-9.50 	3	1	425.87 	476.17 	54.26 
138	12.36 	-11.39 	3	2	818.56 	871.04 	52.92 
139	14.40 	-6.23 	3	2	397.02 	448.11 	60.31 
140	10.00 	-15.06 	3	1	798.96 	859.17 	47.99 
141	10.24 	-14.38 	3	1	708.69 	768.27 	56.04 
142	8.48 	-9.15 	3	2	81.96 	126.49 	49.08 
143	13.25 	-8.53 	3	1	121.69 	180.35 	52.90 
144	10.54 	-8.13 	3	2	1048.95 	1091.05 	52.03 
145	12.17 	-12.93 	3	3	95.53 	154.17 	54.69 
146	12.03 	-12.35 	3	2	819.24 	883.87 	49.12 
147	12.06 	-10.54 	3	1	740.30 	795.70 	51.87 
148	13.03 	-7.11 	3	3	302.67 	360.24 	63.26 
149	8.84 	-12.69 	3	3	162.25 	203.06 	51.53 
150	8.12 	-14.82 	3	4	829.98 	884.07 	53.53 
151	16.38 	16.05 	4	5	227.09 	275.54 	58.37 
152	18.27 	19.40 	4	1	617.00 	670.32 	46.00 
153	18.26 	22.70 	4	1	648.95 	700.33 	46.88 
154	16.68 	17.53 	4	1	464.05 	515.90 	58.31 
155	19.28 	18.65 	4	3	179.06 	230.47 	50.13 
156	15.63 	18.39 	4	3	309.15 	370.11 	47.68 
157	15.26 	22.96 	4	2	847.19 	899.76 	56.15 
158	20.42 	19.32 	4	2	377.55 	428.70 	58.66 
159	16.82 	16.94 	4	2	1012.11 	1070.91 	55.59 
160	15.96 	16.48 	4	3	1117.93 	1164.54 	45.50 
161	18.88 	23.80 	4	1	229.24 	293.40 	55.33 
162	20.49 	18.60 	4	2	203.08 	256.27 	53.97 
163	17.71 	18.82 	4	3	1014.78 	1064.23 	53.33 
164	15.93 	21.92 	4	3	571.10 	630.51 	60.77 
165	17.48 	22.94 	4	4	231.24 	281.24 	45.08 
166	13.86 	21.24 	4	5	580.76 	635.97 	58.06 
167	14.37 	20.74 	4	3	101.94 	165.86 	51.25 
168	13.62 	19.98 	4	3	40.14 	101.88 	63.83 
169	19.76 	17.77 	4	2	421.88 	485.47 	51.87 
170	18.24 	15.28 	4	2	579.15 	627.07 	53.43 
171	18.46 	18.21 	4	5	610.71 	662.02 	53.29 
172	15.62 	15.32 	4	2	138.44 	190.12 	63.31 
173	16.61 	22.88 	4	5	38.48 	91.92 	61.47 
174	15.67 	20.35 	4	1	289.62 	336.71 	51.98 
175	20.37 	21.36 	4	2	399.55 	449.26 	48.05 
176	16.44 	19.90 	4	3	447.78 	502.72 	52.36 
177	22.34 	17.72 	4	3	110.34 	167.61 	54.99 
178	17.25 	17.53 	4	5	529.09 	585.52 	60.59 
179	18.59 	22.87 	4	3	833.29 	886.71 	45.21 
180	16.79 	21.91 	4	4	840.33 	896.61 	48.81 
181	20.21 	16.19 	4	3	855.26 	913.23 	59.78 
182	16.38 	19.55 	4	4	156.27 	200.13 	52.06 
183	16.27 	20.12 	4	1	511.40 	571.80 	46.56 
184	17.62 	24.32 	4	2	719.07 	778.13 	52.07 
185	16.08 	18.22 	4	2	342.28 	409.15 	52.25 
186	19.32 	21.63 	4	1	611.85 	667.40 	47.66 
187	21.82 	20.49 	4	1	915.03 	959.46 	60.56 
188	20.32 	21.75 	4	5	314.76 	376.70 	64.98 
189	16.57 	16.26 	4	1	468.10 	511.08 	54.38 
190	17.62 	19.23 	4	5	1174.32 	1220.82 	63.55 
191	16.46 	20.50 	4	3	961.10 	1017.10 	50.51 
192	19.46 	18.66 	4	5	950.17 	1001.64 	52.56 
193	15.37 	26.99 	4	1	669.91 	720.26 	62.89 
194	18.92 	20.68 	4	5	560.95 	623.28 	48.56 
195	15.63 	20.07 	4	5	175.00 	229.50 	63.05 
196	21.21 	22.23 	4	1	236.52 	279.21 	62.12 
197	13.88 	16.84 	4	2	417.58 	481.67 	59.37 
198	19.51 	18.20 	4	2	495.35 	544.98 	51.45 
199	15.64 	26.45 	4	4	213.80 	266.01 	63.99 
200	19.71 	19.00 	4	1	321.54 	379.68 	45.98 
