24           5              4              1                2             28


1	1	2	0	1200	400	600	30
2	1	3	0	1200	400	600	30
3	2	1	0	1200	400	600	30
4	2	3	0	1200	400	600	30
5	0	5	0	1200	400	600	30


1             -5.93 	-3.22       1              
2             -5.93 	-3.22       1             
3              6.23 	 2.22       2              
4              6.23 	 2.22       2             

1	-5.94 	-2.21 	1	3	401.09 	457.90 	54.74 
2	-4.44 	-3.43 	1	1	877.26 	930.29 	64.60 
3	-4.53 	-1.36 	1	4	236.68 	285.22 	59.78 
4	-5.85 	-5.95 	1	1	970.83 	1030.78 	60.73 
5	-6.37 	-3.04 	1	4	452.21 	511.64 	54.93 
6	-5.47 	-6.41 	1	3	448.65 	501.24 	59.50 
7	-6.04 	-6.19 	1	5	484.93 	537.17 	58.28 
8	-4.60 	-3.07 	1	2	498.52 	549.16 	60.61 
9	-5.65 	-2.05 	1	2	1057.68 	1109.43 	64.55 
10	-6.83 	-3.82 	1	3	223.25 	289.96 	53.43 
11	-8.03 	-2.35 	1	1	290.69 	336.48 	51.58 
12	-7.40 	1.29 	1	2	892.13 	951.20 	47.81 
13	9.70 	0.26 	2	2	82.07 	141.85 	52.98 
14	8.61 	1.61 	2	3	1147.86 	1198.93 	52.13 
15	5.42 	2.83 	2	2	903.78 	950.26 	46.15 
16	6.33 	1.79 	2	3	524.71 	577.73 	50.39 
17	3.96 	1.96 	2	3	1073.56 	1130.01 	55.62 
18	8.01 	4.22 	2	4	97.46 	151.26 	55.37 
19	5.43 	3.28 	2	2	150.28 	221.38 	56.26 
20	7.96 	1.80 	2	1	243.03 	290.24 	53.40 
21	4.30 	2.56 	2	5	797.36 	853.25 	59.49 
22	5.26 	1.22 	2	4	596.36 	656.00 	54.96 
23	4.74 	1.29 	2	1	711.55 	773.18 	58.37 
24	4.97 	3.83 	2	1	118.84 	157.85 	51.88 
