400           64             48              16               8             416


1	1	1	0	1200	400	600	30
2	1	1	0	1200	400	600	30
3	1	2	0	1200	400	600	30
4	1	2	0	1200	400	600	30
5	1	3	0	1200	400	600	30
6	1	3	0	1200	400	600	30
7	2	1	0	1200	400	600	30
8	2	1	0	1200	400	600	30
9	2	2	0	1200	400	600	30
10	2	2	0	1200	400	600	30
11	2	3	0	1200	400	600	30
12	2	3	0	1200	400	600	30
13	3	1	0	1200	400	600	30
14	3	1	0	1200	400	600	30
15	3	2	0	1200	400	600	30
16	3	2	0	1200	400	600	30
17	3	3	0	1200	400	600	30
18	3	3	0	1200	400	600	30
19	4	1	0	1200	400	600	30
20	4	1	0	1200	400	600	30
21	4	2	0	1200	400	600	30
22	4	2	0	1200	400	600	30
23	4	3	0	1200	400	600	30
24	4	3	0	1200	400	600	30
25	5	1	0	1200	400	600	30
26	5	1	0	1200	400	600	30
27	5	2	0	1200	400	600	30
28	5	2	0	1200	400	600	30
29	5	3	0	1200	400	600	30
30	5	3	0	1200	400	600	30
31	6	1	0	1200	400	600	30
32	6	1	0	1200	400	600	30
33	6	2	0	1200	400	600	30
34	6	2	0	1200	400	600	30
35	6	3	0	1200	400	600	30
36	6	3	0	1200	400	600	30
37	7	1	0	1200	400	600	30
38	7	1	0	1200	400	600	30
39	7	2	0	1200	400	600	30
40	7	2	0	1200	400	600	30
41	7	3	0	1200	400	600	30
42	7	3	0	1200	400	600	30
43	8	1	0	1200	400	600	30
44	8	1	0	1200	400	600	30
45	8	2	0	1200	400	600	30
46	8	2	0	1200	400	600	30
47	8	3	0	1200	400	600	30
48	8	3	0	1200	400	600	30
49	0	5	0	1200	400	600	30
50	0	5	0	1200	400	600	30
51	0	5	0	1200	400	600	30
52	0	5	0	1200	400	600	30
53	0	5	0	1200	400	600	30
54	0	5	0	1200	400	600	30
55	0	5	0	1200	400	600	30
56	0	5	0	1200	400	600	30
57	0	5	0	1200	400	600	30
58	0	5	0	1200	400	600	30
59	0	5	0	1200	400	600	30
60	0	5	0	1200	400	600	30
61	0	5	0	1200	400	600	30
62	0	5	0	1200	400	600	30
63	0	5	0	1200	400	600	30
64	0	5	0	1200	400	600	30


1              -110 	110         1              
2              -110 	110         1             
3                0 	110         2              
4                0 	110         2             
5               110          110         3              
6               110          110         3             
7              -110            0          4             
8              -110            0          4             
9               110 	   0         5             
10             110 	   0         5             
11            -110 	-110         6              
12            -110 	-110         6             
13               0          -110         7              
14               0          -110         7            
15              110       -110          8              
16              110       -110          8             


1	-118.79 	123.58 	1	1	419.96 	447.21 	55.04 
2	-111.53 	95.32 	1	5	376.31 	402.96 	46.09 
3	-101.36 	114.68 	1	3	124.28 	155.66 	50.78 
4	-133.64 	115.95 	1	2	686.56 	713.65 	46.95 
5	-130.04 	89.09 	1	2	76.16 	107.39 	54.07 
6	-89.77 	97.30 	1	2	970.18 	993.77 	53.34 
7	-110.21 	131.25 	1	4	942.60 	959.73 	52.55 
8	-114.44 	90.59 	1	3	101.78 	121.35 	48.55 
9	-93.47 	136.72 	1	3	709.88 	742.08 	60.69 
10	-86.28 	121.01 	1	4	1019.29 	1052.48 	46.98 
11	-91.47 	136.45 	1	2	1026.61 	1048.36 	54.75 
12	-82.28 	119.65 	1	3	926.42 	954.79 	47.09 
13	-96.93 	128.88 	1	4	877.35 	889.34 	48.01 
14	-139.45 	113.32 	1	2	135.43 	164.35 	56.59 
15	-85.64 	114.83 	1	5	131.31 	158.82 	58.35 
16	-89.18 	103.23 	1	1	1037.81 	1064.87 	63.27 
17	-138.72 	137.45 	1	4	196.63 	222.96 	51.49 
18	-126.26 	86.34 	1	3	309.83 	320.81 	48.35 
19	-113.74 	136.71 	1	1	1007.72 	1027.85 	58.93 
20	-126.65 	135.77 	1	2	121.88 	157.68 	64.21 
21	-87.60 	123.69 	1	3	194.21 	219.29 	64.09 
22	-118.91 	129.68 	1	5	244.68 	274.79 	62.28 
23	-114.47 	81.64 	1	2	55.53 	75.13 	59.49 
24	-116.00 	121.03 	1	2	402.95 	429.81 	52.45 
25	-91.05 	113.78 	1	5	584.06 	612.83 	61.23 
26	-100.62 	86.89 	1	3	690.74 	717.79 	51.03 
27	-122.90 	139.56 	1	2	818.05 	853.05 	64.72 
28	-80.07 	129.22 	1	2	318.57 	345.37 	64.17 
29	-97.95 	88.51 	1	3	273.60 	295.94 	62.33 
30	-138.86 	129.13 	1	1	226.06 	243.56 	50.86 
31	-129.86 	100.51 	1	3	616.10 	639.72 	56.57 
32	-124.86 	96.24 	1	1	211.70 	228.20 	58.21 
33	-100.02 	134.00 	1	1	273.56 	296.80 	64.53 
34	-83.61 	112.00 	1	3	403.27 	434.36 	59.57 
35	-113.53 	88.08 	1	3	181.00 	212.27 	57.69 
36	-104.17 	105.68 	1	1	888.34 	920.68 	63.20 
37	-92.12 	80.49 	1	2	437.90 	465.98 	64.35 
38	-97.47 	114.45 	1	1	954.68 	968.64 	64.77 
39	-126.46 	92.63 	1	1	272.46 	293.73 	51.60 
40	-111.67 	96.30 	1	3	723.24 	740.17 	56.05 
41	-110.48 	88.03 	1	2	93.45 	120.33 	51.32 
42	-111.33 	94.42 	1	5	178.17 	202.96 	64.40 
43	-85.09 	115.90 	1	4	1090.46 	1108.23 	63.18 
44	-82.35 	83.07 	1	4	328.52 	346.30 	56.71 
45	-110.26 	96.32 	1	1	710.79 	739.27 	50.40 
46	-98.55 	92.97 	1	4	977.73 	1002.00 	62.35 
47	-82.19 	125.95 	1	1	149.52 	177.82 	46.41 
48	-137.79 	103.38 	1	1	733.94 	774.41 	53.89 
49	-118.49 	128.84 	1	1	395.52 	412.47 	61.79 
50	-125.75 	96.75 	1	1	58.94 	87.32 	54.74 
51	19.17 	108.39 	2	2	1071.81 	1100.03 	56.89 
52	17.32 	93.24 	2	1	400.25 	417.86 	56.79 
53	-7.98 	130.84 	2	3	353.39 	380.76 	63.76 
54	7.30 	89.95 	2	3	155.95 	185.01 	55.83 
55	-2.30 	89.56 	2	5	784.08 	803.13 	62.18 
56	29.13 	90.00 	2	2	242.40 	269.54 	60.10 
57	16.26 	124.26 	2	2	395.59 	426.68 	52.05 
58	4.20 	84.20 	2	3	1187.16 	1211.89 	60.67 
59	-22.13 	108.72 	2	3	37.99 	72.48 	55.79 
60	5.15 	106.24 	2	2	629.51 	652.73 	53.64 
61	-0.01 	128.00 	2	1	1005.57 	1040.54 	50.09 
62	10.64 	135.34 	2	4	724.96 	755.49 	48.13 
63	-12.40 	108.06 	2	3	231.28 	258.60 	49.31 
64	-14.58 	100.45 	2	5	705.97 	724.45 	57.62 
65	-8.79 	116.73 	2	2	981.74 	1006.71 	45.28 
66	-4.43 	113.54 	2	1	596.99 	626.51 	54.46 
67	7.12 	94.23 	2	4	348.70 	374.61 	45.70 
68	28.56 	118.70 	2	1	995.05 	1022.62 	59.44 
69	23.42 	118.64 	2	1	716.99 	742.86 	59.97 
70	27.85 	89.85 	2	1	625.54 	641.06 	60.00 
71	-4.82 	85.38 	2	1	1128.09 	1157.40 	58.40 
72	-2.27 	97.35 	2	3	364.95 	387.24 	60.16 
73	1.52 	133.22 	2	2	312.17 	349.22 	60.73 
74	25.22 	112.81 	2	3	375.49 	400.84 	64.71 
75	-1.10 	138.23 	2	1	914.38 	953.51 	59.78 
76	-10.18 	113.39 	2	3	764.90 	794.00 	57.74 
77	7.49 	136.97 	2	5	50.72 	70.54 	58.33 
78	-15.57 	108.37 	2	4	1076.08 	1099.72 	56.76 
79	-29.36 	120.38 	2	5	975.88 	1008.75 	47.93 
80	14.46 	90.41 	2	5	1071.32 	1104.01 	64.75 
81	-13.98 	95.19 	2	1	1009.27 	1012.15 	60.19 
82	28.58 	98.81 	2	5	1078.68 	1098.90 	64.21 
83	25.09 	103.47 	2	5	1179.14 	1211.91 	50.64 
84	-14.64 	121.28 	2	1	217.67 	244.82 	62.44 
85	-10.96 	128.41 	2	3	58.77 	91.02 	57.61 
86	-17.93 	81.38 	2	5	391.06 	417.77 	53.51 
87	-1.21 	126.87 	2	2	994.19 	1027.54 	62.54 
88	4.84 	111.60 	2	3	1051.81 	1079.74 	56.24 
89	12.19 	106.08 	2	3	321.67 	352.45 	55.09 
90	-14.91 	111.64 	2	2	49.87 	82.24 	45.59 
91	-9.91 	105.26 	2	1	309.54 	332.76 	54.09 
92	13.02 	95.81 	2	2	275.98 	304.07 	64.15 
93	-11.50 	93.95 	2	4	640.97 	662.91 	45.02 
94	10.82 	105.16 	2	1	218.31 	235.45 	53.71 
95	-19.72 	123.72 	2	2	195.88 	227.24 	48.39 
96	7.90 	109.27 	2	4	345.70 	378.55 	61.74 
97	20.17 	80.17 	2	2	893.30 	937.40 	52.49 
98	-0.28 	119.26 	2	3	279.39 	312.62 	49.43 
99	-4.82 	96.07 	2	1	1055.81 	1080.54 	64.12 
100	25.41 	82.59 	2	2	720.87 	740.79 	61.39 
101	122.11 	82.72 	3	3	1080.02 	1118.60 	56.44 
102	138.14 	129.85 	3	5	1160.04 	1185.79 	54.35 
103	102.80 	102.21 	3	3	233.84 	257.40 	50.80 
104	93.15 	138.05 	3	2	408.05 	430.13 	57.37 
105	88.85 	84.43 	3	1	803.42 	831.05 	63.74 
106	98.00 	114.00 	3	2	427.42 	453.53 	46.89 
107	138.58 	126.90 	3	4	54.88 	72.29 	51.98 
108	105.74 	106.69 	3	1	988.93 	1015.43 	57.76 
109	131.55 	118.49 	3	1	836.34 	868.44 	58.34 
110	107.03 	98.15 	3	3	221.37 	253.91 	48.83 
111	112.96 	126.75 	3	1	1152.36 	1186.55 	53.67 
112	105.41 	130.69 	3	2	251.22 	269.86 	59.21 
113	136.45 	105.76 	3	3	889.59 	908.03 	55.66 
114	132.35 	93.03 	3	1	1166.94 	1200.72 	46.64 
115	96.97 	118.50 	3	2	306.98 	344.37 	64.71 
116	104.22 	121.02 	3	2	832.01 	850.81 	59.76 
117	119.38 	132.28 	3	4	1111.57 	1140.49 	58.78 
118	89.46 	82.25 	3	3	592.08 	609.20 	64.06 
119	83.40 	133.86 	3	1	843.78 	873.51 	54.00 
120	114.77 	117.19 	3	4	372.50 	403.41 	48.61 
121	118.78 	86.36 	3	2	363.84 	389.85 	45.57 
122	130.65 	111.46 	3	2	1019.99 	1044.22 	56.95 
123	139.67 	96.57 	3	1	395.93 	428.53 	60.10 
124	107.57 	107.98 	3	2	787.52 	814.46 	46.85 
125	125.53 	124.13 	3	4	520.46 	550.59 	51.43 
126	137.96 	130.27 	3	4	909.50 	928.24 	50.26 
127	81.07 	103.22 	3	3	796.35 	814.52 	55.23 
128	116.11 	89.82 	3	3	327.58 	354.62 	45.03 
129	97.61 	132.92 	3	2	1008.21 	1032.70 	55.12 
130	98.61 	117.29 	3	3	336.68 	373.95 	48.51 
131	120.81 	111.88 	3	4	1049.13 	1079.50 	47.26 
132	128.81 	116.97 	3	1	630.23 	655.01 	55.36 
133	97.34 	125.27 	3	4	275.22 	309.49 	50.31 
134	109.90 	85.09 	3	3	1017.86 	1053.76 	45.81 
135	134.60 	101.56 	3	2	1178.34 	1204.46 	57.33 
136	135.04 	81.67 	3	1	94.20 	117.60 	46.06 
137	134.04 	108.77 	3	4	53.16 	76.83 	50.58 
138	126.17 	105.03 	3	4	491.67 	510.66 	50.71 
139	117.47 	87.81 	3	2	880.54 	908.34 	52.10 
140	135.76 	105.03 	3	3	1138.67 	1167.78 	51.08 
141	88.17 	92.51 	3	4	1036.14 	1051.38 	45.79 
142	136.31 	85.29 	3	1	112.79 	132.09 	58.08 
143	134.24 	94.76 	3	3	436.62 	458.30 	45.55 
144	134.61 	135.42 	3	4	396.77 	430.43 	56.10 
145	94.34 	100.84 	3	3	57.39 	73.37 	57.24 
146	97.08 	126.07 	3	2	472.16 	506.55 	63.44 
147	87.63 	103.76 	3	1	803.65 	829.49 	46.57 
148	106.64 	133.39 	3	4	838.34 	870.04 	63.88 
149	135.43 	87.83 	3	1	1094.68 	1120.76 	46.51 
150	99.85 	86.78 	3	1	100.73 	128.70 	47.00 
151	-118.55 	27.15 	4	3	879.22 	893.05 	46.94 
152	-121.97 	24.20 	4	2	1163.17 	1196.20 	61.45 
153	-108.12 	20.16 	4	1	73.13 	103.51 	59.13 
154	-102.73 	4.00 	4	3	769.96 	795.83 	56.25 
155	-87.42 	7.78 	4	5	967.52 	985.98 	47.12 
156	-111.86 	-11.90 	4	3	1094.41 	1116.01 	49.44 
157	-87.61 	-8.76 	4	1	818.00 	845.38 	53.94 
158	-88.06 	-21.05 	4	3	216.82 	234.82 	52.14 
159	-122.34 	-9.03 	4	1	1118.37 	1139.19 	56.62 
160	-88.51 	26.54 	4	2	890.26 	913.96 	50.33 
161	-119.52 	-1.43 	4	1	1058.83 	1080.26 	62.72 
162	-111.84 	5.34 	4	2	1175.38 	1207.28 	57.59 
163	-116.72 	-7.68 	4	1	629.13 	662.57 	49.23 
164	-99.94 	10.22 	4	2	169.01 	182.53 	57.56 
165	-82.35 	-18.99 	4	4	870.11 	901.44 	48.96 
166	-127.78 	28.68 	4	2	943.04 	979.49 	53.36 
167	-111.01 	8.50 	4	2	1036.61 	1079.81 	46.47 
168	-96.90 	-3.86 	4	5	496.65 	523.41 	60.12 
169	-129.29 	14.63 	4	3	455.26 	472.67 	60.77 
170	-124.94 	12.69 	4	1	1087.49 	1119.24 	63.44 
171	-95.06 	22.27 	4	3	551.07 	574.79 	45.13 
172	-98.99 	-9.65 	4	2	187.25 	212.22 	59.92 
173	-89.81 	4.27 	4	2	198.67 	226.02 	55.53 
174	-123.91 	10.01 	4	4	1099.12 	1125.44 	54.45 
175	-124.64 	-20.06 	4	5	1158.73 	1187.47 	61.24 
176	-137.39 	-22.23 	4	2	929.32 	951.24 	50.51 
177	-112.17 	-14.14 	4	3	42.05 	67.49 	63.18 
178	-134.84 	6.75 	4	5	1174.96 	1204.12 	55.67 
179	-101.89 	11.57 	4	2	939.36 	953.42 	52.49 
180	-111.01 	-24.43 	4	1	1139.82 	1155.22 	59.47 
181	-86.54 	4.35 	4	5	669.99 	695.62 	64.75 
182	-98.53 	-19.31 	4	5	1057.17 	1088.70 	51.27 
183	-112.76 	-29.28 	4	5	514.95 	531.28 	54.56 
184	-133.25 	5.89 	4	1	662.09 	696.40 	55.06 
185	-104.24 	-25.94 	4	2	45.66 	76.22 	55.82 
186	-107.95 	20.60 	4	1	1155.24 	1178.83 	55.85 
187	-99.88 	-15.63 	4	2	166.71 	193.13 	54.93 
188	-84.77 	2.02 	4	3	432.07 	471.77 	53.01 
189	-90.86 	18.49 	4	1	419.47 	443.16 	61.69 
190	-86.40 	-16.57 	4	3	949.30 	984.68 	59.10 
191	-89.70 	18.73 	4	3	724.57 	748.73 	48.85 
192	-104.43 	-11.93 	4	3	325.01 	352.31 	59.82 
193	-110.15 	-19.96 	4	5	914.09 	936.66 	51.36 
194	-120.89 	28.20 	4	1	917.47 	944.69 	53.87 
195	-134.27 	-3.11 	4	3	1107.96 	1134.87 	49.57 
196	-130.32 	23.19 	4	1	1146.00 	1171.59 	52.06 
197	-93.23 	-25.84 	4	4	1164.94 	1192.25 	63.33 
198	-139.14 	29.18 	4	4	159.73 	191.42 	47.85 
199	-104.41 	17.46 	4	1	1142.89 	1166.20 	64.47 
200	-98.84 	0.89 	4	1	890.59 	919.97 	60.09 
201	135.01 	-2.08 	5	3	110.66 	143.27 	49.11 
202	123.75 	26.01 	5	1	375.48 	397.38 	45.10 
203	88.07 	-7.37 	5	1	1130.69 	1156.53 	62.57 
204	96.21 	-28.09 	5	4	970.03 	998.49 	59.77 
205	123.62 	-6.46 	5	1	807.36 	835.82 	57.70 
206	123.48 	3.12 	5	4	655.92 	686.92 	53.76 
207	114.90 	2.42 	5	3	689.14 	709.47 	61.36 
208	103.19 	-16.02 	5	3	801.87 	819.32 	61.92 
209	112.01 	19.67 	5	3	234.27 	266.87 	52.56 
210	113.63 	-8.17 	5	5	726.41 	753.44 	45.94 
211	125.60 	3.80 	5	4	380.05 	411.27 	55.58 
212	137.92 	6.02 	5	2	968.13 	993.06 	59.92 
213	139.58 	-5.74 	5	1	406.83 	443.05 	62.76 
214	122.72 	-1.06 	5	1	200.88 	213.91 	61.57 
215	83.77 	3.26 	5	3	699.68 	715.86 	50.05 
216	134.66 	-18.94 	5	1	156.08 	189.82 	52.72 
217	83.86 	17.02 	5	2	720.31 	742.71 	54.89 
218	125.78 	18.79 	5	5	612.27 	633.53 	45.52 
219	112.35 	-18.94 	5	2	500.79 	534.00 	47.19 
220	115.77 	-18.99 	5	2	953.69 	980.76 	62.26 
221	117.21 	-26.03 	5	3	1079.37 	1108.98 	51.79 
222	123.79 	28.85 	5	3	373.30 	390.56 	64.51 
223	82.49 	-3.14 	5	3	409.44 	424.86 	49.57 
224	103.36 	-7.67 	5	4	578.24 	607.29 	60.81 
225	122.33 	-22.88 	5	1	842.31 	868.92 	58.56 
226	120.96 	3.84 	5	3	696.66 	729.96 	54.66 
227	135.91 	-28.57 	5	1	156.05 	178.55 	49.58 
228	117.43 	-13.44 	5	5	267.88 	297.64 	54.22 
229	107.86 	-6.78 	5	1	501.15 	519.16 	47.01 
230	88.54 	-5.54 	5	1	1148.79 	1173.83 	53.78 
231	92.75 	-15.66 	5	3	818.24 	839.42 	59.28 
232	131.51 	23.83 	5	4	415.44 	443.29 	53.28 
233	110.48 	23.06 	5	1	538.01 	563.38 	50.33 
234	89.74 	5.03 	5	2	464.62 	494.28 	47.62 
235	97.94 	-22.63 	5	2	190.53 	212.64 	57.51 
236	106.37 	-20.98 	5	2	699.22 	723.93 	46.31 
237	84.21 	11.54 	5	3	473.97 	504.49 	62.92 
238	115.08 	-0.24 	5	1	192.76 	214.17 	57.89 
239	123.75 	-4.61 	5	4	1060.12 	1084.35 	49.01 
240	110.18 	-4.78 	5	3	245.52 	279.72 	48.88 
241	112.82 	-0.41 	5	1	978.09 	998.52 	54.19 
242	113.58 	-15.46 	5	5	1160.89 	1178.17 	57.20 
243	134.56 	9.29 	5	2	474.89 	496.52 	52.58 
244	109.00 	-25.63 	5	2	969.36 	996.57 	55.78 
245	126.59 	-19.68 	5	2	1179.88 	1207.17 	49.40 
246	81.75 	-1.08 	5	2	70.60 	90.70 	52.05 
247	89.96 	-9.11 	5	1	700.70 	732.29 	46.78 
248	120.04 	28.55 	5	4	621.49 	636.37 	56.85 
249	123.53 	26.70 	5	5	903.32 	929.92 	45.83 
250	118.18 	3.86 	5	2	1024.69 	1055.43 	59.36 
251	-94.40 	-84.35 	6	4	321.78 	344.22 	61.97 
252	-117.00 	-83.98 	6	5	941.54 	975.66 	59.19 
253	-128.17 	-133.87 	6	1	970.07 	990.88 	53.25 
254	-132.77 	-100.46 	6	3	407.88 	434.45 	60.67 
255	-107.17 	-137.86 	6	4	1111.39 	1139.72 	52.00 
256	-110.46 	-124.02 	6	1	559.30 	596.14 	56.09 
257	-95.21 	-132.43 	6	3	772.91 	801.39 	55.41 
258	-122.54 	-112.53 	6	3	817.17 	836.32 	59.06 
259	-116.01 	-95.41 	6	3	955.56 	971.87 	57.56 
260	-125.21 	-128.31 	6	2	339.55 	355.02 	60.72 
261	-130.35 	-116.46 	6	3	552.90 	579.49 	54.93 
262	-111.25 	-114.40 	6	5	64.68 	82.85 	62.85 
263	-112.14 	-131.91 	6	2	903.41 	933.28 	55.81 
264	-132.88 	-100.51 	6	2	781.89 	803.09 	49.05 
265	-112.35 	-115.70 	6	5	491.71 	521.39 	55.02 
266	-107.24 	-102.62 	6	1	245.02 	268.44 	45.05 
267	-109.61 	-132.30 	6	5	966.97 	993.64 	48.23 
268	-137.95 	-82.16 	6	5	430.59 	458.13 	51.54 
269	-102.19 	-109.22 	6	2	693.02 	731.97 	55.70 
270	-137.24 	-82.71 	6	5	1179.82 	1199.35 	46.43 
271	-98.26 	-98.11 	6	1	491.10 	521.99 	52.61 
272	-81.43 	-133.06 	6	1	728.84 	760.33 	48.05 
273	-89.71 	-104.72 	6	1	680.41 	697.60 	54.11 
274	-104.70 	-99.45 	6	2	148.16 	168.26 	59.35 
275	-128.43 	-94.82 	6	3	403.50 	438.95 	55.22 
276	-121.29 	-135.31 	6	2	650.65 	663.12 	48.62 
277	-129.15 	-101.58 	6	3	709.05 	738.86 	61.52 
278	-95.63 	-125.54 	6	1	117.23 	141.64 	61.36 
279	-84.79 	-114.85 	6	1	409.54 	439.63 	49.70 
280	-120.93 	-90.52 	6	2	999.98 	1022.70 	47.10 
281	-103.84 	-139.64 	6	5	1045.40 	1076.00 	50.68 
282	-125.95 	-84.53 	6	3	568.63 	592.01 	56.68 
283	-100.61 	-105.74 	6	1	1176.89 	1203.27 	48.98 
284	-93.72 	-93.12 	6	1	606.42 	626.20 	53.15 
285	-107.85 	-137.60 	6	3	506.25 	534.34 	61.06 
286	-99.42 	-128.31 	6	1	300.37 	332.47 	62.36 
287	-115.56 	-101.65 	6	1	432.85 	454.88 	52.33 
288	-81.68 	-91.93 	6	4	347.19 	357.90 	57.37 
289	-85.34 	-131.53 	6	2	701.43 	724.15 	53.17 
290	-133.52 	-125.34 	6	2	261.95 	292.19 	56.73 
291	-129.89 	-88.48 	6	2	115.79 	135.44 	58.51 
292	-93.99 	-115.38 	6	2	1000.21 	1040.96 	55.35 
293	-107.61 	-83.86 	6	3	607.61 	633.98 	59.95 
294	-87.67 	-128.69 	6	1	1000.25 	1024.52 	58.53 
295	-123.76 	-82.34 	6	1	509.25 	536.37 	58.56 
296	-131.51 	-134.15 	6	4	287.12 	315.64 	57.53 
297	-86.70 	-112.69 	6	3	1051.16 	1085.03 	51.34 
298	-108.63 	-82.36 	6	5	365.98 	388.87 	56.88 
299	-91.75 	-108.30 	6	2	453.47 	482.79 	64.72 
300	-133.81 	-97.76 	6	3	873.91 	899.78 	48.60 
301	12.67 	-91.66 	7	3	1067.24 	1094.28 	53.52 
302	11.17 	-95.29 	7	4	973.74 	1002.44 	59.86 
303	0.35 	-134.52 	7	4	804.62 	826.95 	64.47 
304	9.00 	-120.90 	7	1	1183.28 	1205.88 	52.59 
305	20.16 	-124.22 	7	3	434.52 	469.33 	45.67 
306	8.92 	-116.54 	7	1	941.00 	961.84 	58.20 
307	-12.46 	-131.38 	7	1	625.41 	643.10 	48.36 
308	-13.58 	-129.41 	7	4	81.75 	111.98 	45.60 
309	26.02 	-138.77 	7	5	322.62 	353.10 	64.39 
310	-19.18 	-111.86 	7	5	666.79 	689.44 	56.93 
311	-15.32 	-114.03 	7	2	436.94 	462.67 	55.30 
312	5.48 	-110.31 	7	4	141.88 	169.85 	49.87 
313	-27.81 	-128.39 	7	2	60.46 	87.20 	60.43 
314	16.00 	-109.57 	7	1	638.06 	663.43 	57.30 
315	2.76 	-125.46 	7	4	1125.21 	1146.00 	54.50 
316	8.41 	-110.97 	7	1	71.37 	93.02 	49.60 
317	-17.02 	-121.23 	7	1	850.60 	878.17 	46.38 
318	2.64 	-95.19 	7	2	841.82 	857.09 	55.23 
319	-20.16 	-80.04 	7	3	791.21 	826.52 	50.15 
320	-22.93 	-121.92 	7	2	707.87 	729.71 	51.22 
321	11.64 	-81.00 	7	1	1175.50 	1194.46 	47.95 
322	-15.08 	-122.75 	7	3	161.85 	195.84 	53.78 
323	1.75 	-124.64 	7	2	968.70 	999.56 	63.81 
324	7.84 	-133.58 	7	3	362.54 	396.57 	45.10 
325	9.13 	-89.39 	7	4	647.59 	671.07 	57.00 
326	-13.83 	-89.56 	7	1	1044.25 	1072.05 	60.98 
327	-14.55 	-82.61 	7	1	879.88 	906.28 	47.24 
328	-11.94 	-129.52 	7	3	1122.35 	1146.54 	45.66 
329	-1.38 	-91.74 	7	3	494.35 	517.38 	48.36 
330	14.63 	-82.56 	7	4	979.45 	1005.30 	53.88 
331	25.96 	-100.87 	7	2	593.02 	609.86 	48.81 
332	10.94 	-111.77 	7	2	726.01 	763.58 	52.84 
333	15.75 	-129.52 	7	1	48.47 	71.60 	61.49 
334	-12.13 	-104.26 	7	2	42.36 	73.45 	45.76 
335	-29.64 	-81.13 	7	3	116.53 	142.78 	55.12 
336	-4.69 	-85.63 	7	4	508.77 	532.64 	50.44 
337	18.09 	-110.36 	7	3	132.53 	167.65 	64.72 
338	22.54 	-94.66 	7	1	618.53 	648.65 	52.77 
339	15.76 	-104.49 	7	4	1068.13 	1103.08 	59.97 
340	27.57 	-88.31 	7	2	775.32 	798.32 	56.16 
341	14.21 	-99.45 	7	5	492.77 	526.09 	58.64 
342	2.51 	-132.31 	7	1	914.97 	944.41 	46.86 
343	-27.23 	-139.10 	7	2	832.50 	864.24 	64.36 
344	-15.92 	-138.43 	7	2	51.72 	77.99 	56.10 
345	-16.98 	-100.37 	7	3	645.66 	669.36 	63.69 
346	19.48 	-87.93 	7	3	1130.83 	1157.00 	54.98 
347	-12.54 	-93.49 	7	2	372.22 	389.45 	55.92 
348	-24.41 	-119.37 	7	4	513.03 	540.61 	59.20 
349	-28.82 	-134.62 	7	3	50.21 	77.55 	63.19 
350	20.76 	-117.43 	7	1	623.67 	652.43 	45.48 
351	93.20 	-90.83 	8	5	305.51 	340.75 	54.20 
352	109.47 	-107.01 	8	1	726.67 	743.75 	55.48 
353	117.63 	-124.01 	8	3	1036.96 	1054.64 	61.19 
354	113.75 	-114.26 	8	2	681.47 	697.44 	45.97 
355	93.18 	-82.03 	8	2	193.21 	204.96 	51.03 
356	103.30 	-84.44 	8	3	897.89 	915.64 	51.70 
357	129.35 	-114.03 	8	2	284.46 	310.88 	62.77 
358	139.18 	-130.80 	8	4	103.25 	131.19 	47.86 
359	107.22 	-113.06 	8	2	372.02 	401.94 	49.19 
360	128.75 	-81.75 	8	1	427.35 	451.03 	57.39 
361	129.93 	-120.98 	8	3	923.23 	944.78 	52.23 
362	133.90 	-139.57 	8	3	1039.66 	1068.07 	54.82 
363	107.75 	-121.62 	8	3	1017.93 	1039.32 	51.87 
364	117.87 	-102.50 	8	4	513.48 	547.38 	45.63 
365	134.86 	-111.01 	8	1	478.21 	500.45 	62.34 
366	133.30 	-111.42 	8	1	421.94 	452.50 	53.41 
367	98.45 	-105.96 	8	1	656.42 	676.69 	59.12 
368	138.27 	-139.91 	8	3	972.66 	996.78 	55.76 
369	101.15 	-135.45 	8	2	543.27 	580.68 	56.96 
370	110.73 	-100.54 	8	2	47.29 	70.00 	48.99 
371	139.76 	-85.44 	8	3	949.19 	977.57 	63.61 
372	126.07 	-109.82 	8	1	949.73 	975.82 	61.63 
373	106.00 	-118.94 	8	2	42.44 	78.31 	63.56 
374	115.73 	-119.55 	8	4	429.19 	450.74 	57.64 
375	80.20 	-133.91 	8	2	600.40 	627.87 	54.34 
376	101.14 	-124.82 	8	4	983.56 	1008.21 	56.59 
377	119.71 	-120.40 	8	3	710.44 	737.98 	52.82 
378	116.41 	-132.21 	8	1	914.55 	944.93 	54.66 
379	99.99 	-120.72 	8	4	926.48 	953.38 	45.72 
380	129.21 	-136.57 	8	1	539.11 	561.41 	62.97 
381	93.69 	-82.26 	8	4	363.21 	387.58 	63.42 
382	93.70 	-87.52 	8	4	197.52 	213.33 	50.25 
383	106.19 	-105.10 	8	3	1110.21 	1136.55 	56.77 
384	98.35 	-133.16 	8	1	1132.55 	1153.10 	55.79 
385	134.12 	-124.71 	8	1	907.52 	923.42 	55.40 
386	84.52 	-80.66 	8	1	531.82 	553.64 	51.26 
387	125.77 	-119.89 	8	2	55.26 	83.80 	62.08 
388	123.32 	-116.14 	8	5	692.00 	717.44 	59.74 
389	101.13 	-120.27 	8	4	1024.14 	1052.54 	49.33 
390	92.70 	-132.00 	8	2	1016.26 	1031.31 	49.25 
391	136.54 	-116.53 	8	4	37.96 	71.22 	47.89 
392	84.56 	-96.72 	8	2	700.08 	729.45 	51.52 
393	109.39 	-82.30 	8	2	709.15 	734.27 	55.32 
394	123.85 	-102.46 	8	3	270.07 	292.02 	48.50 
395	110.43 	-123.97 	8	3	58.61 	81.16 	53.89 
396	118.20 	-114.96 	8	4	413.03 	432.79 	56.20 
397	123.82 	-118.46 	8	1	1036.07 	1064.65 	53.05 
398	121.33 	-137.76 	8	4	476.03 	491.81 	63.03 
399	139.98 	-85.09 	8	1	947.28 	962.32 	45.63 
400	80.79 	-109.06 	8	3	1010.81 	1030.19 	51.45 
