12           3           2         1          2         16


1	1	2	0	1200	400	600	30
2	2	2	0	1200	400	600	30
3	0	5	0	1200	400	600	30

1	-7.07 	-1.91 	1	
2	-7.07 	-1.91 	1	
3	6.98 	2.81	2	
4	6.98 	2.81	2	

1	-4.96 	-1.86 	1	5	596.00 	619.69 	59.63 
2	-9.31 	-2.30 	1	2	512.48 	545.13 	48.32 
3	-8.19 	-1.29 	1	1	898.31 	930.92 	54.40 
4	-7.59 	-2.27 	1	1	248.04 	268.19 	50.57 
5	-4.54 	-2.95 	1	4	732.63 	759.62 	47.62 
6	-7.86 	-0.79 	1	2	1184.83 	1212.61 	56.90 
7	4.51 	5.80 	2	4	1069.08 	1104.09 	57.70 
8	7.53 	1.35 	2	2	510.39 	532.41 	58.63 
9	6.56 	2.19 	2	2	35.81 	77.00 	57.27 
10	9.96 	2.72 	2	1	1072.95 	1106.52 	56.12 
11	7.20 	2.67 	2	2	818.15 	850.53 	45.53 
12	6.11 	2.12 	2	1	359.09 	382.32 	48.39 
