48           10              8              2                4             56     

1	1	1	0	1200	400	600	30
2	1	3	0	1200	400	600	30
3	2	1	0	1200	400	600	30
4	2	3	0	1200	400	600	30
5	3	1	0	1200	400	600	30
6	3	3	0	1200	400	600	30
7	4	2	0	1200	400	600	30
8	4	3	0	1200	400	600	30
9	0	5	0	1200	400	600	30
10	0	5	0	1200	400	600	30


1              0 	75        1              
2              0 	75        1             
3              75 	  0        2              
4              75 	  0        2             
5               0            -75        3              
6               0            -75        3             
7              -75             0        4              
8              -75             0        4             

1	-10.09 	98.74 	1	5	731.43 	792.67 	55.86 
2	13.66 	101.19 	1	1	655.14 	711.75 	51.41 
3	22.32 	46.91 	1	5	895.88 	940.99 	54.19 
4	-0.59 	43.56 	1	1	908.47 	954.65 	53.94 
5	-25.53 	70.62 	1	3	1095.77 	1162.64 	55.68 
6	0.80 	54.60 	1	2	1160.19 	1212.80 	49.83 
7	4.86 	86.52 	1	5	996.78 	1065.24 	58.85 
8	-30.59 	51.04 	1	1	424.11 	486.94 	62.31 
9	14.61 	44.65 	1	3	425.65 	488.15 	50.26 
10	-20.08 	41.39 	1	2	1067.84 	1121.82 	55.64 
11	2.88 	62.36 	1	3	566.81 	619.84 	60.56 
12	-33.51 	67.12 	1	2	930.27 	985.61 	48.46 
13	95.62 	-6.68 	2	2	301.02 	352.53 	47.59 
14	83.16 	-31.44 	2	4	790.14 	843.94 	51.58 
15	45.28 	-17.48 	2	1	454.95 	520.10 	62.55 
16	66.63 	0.80 	2	5	886.50 	936.00 	62.68 
17	94.93 	24.23 	2	3	991.23 	1046.24 	50.38 
18	78.39 	-32.51 	2	1	416.12 	459.86 	46.72 
19	64.12 	5.54 	2	2	465.52 	526.74 	52.20 
20	97.61 	26.65 	2	5	301.97 	354.43 	50.07 
21	44.55 	9.40 	2	1	219.33 	280.21 	47.29 
22	51.55 	-6.79 	2	2	1137.58 	1199.73 	58.33 
23	94.99 	10.94 	2	3	286.93 	344.31 	58.75 
24	85.61 	-28.88 	2	3	1078.69 	1128.92 	49.48 
25	-3.87 	-78.64 	3	5	567.77 	621.36 	45.06 
26	-6.52 	-84.15 	3	1	912.71 	978.59 	55.23 
27	29.42 	-108.69 	3	2	962.71 	1017.15 	46.06 
28	-33.94 	-66.92 	3	2	307.97 	358.90 	45.82 
29	15.48 	-74.60 	3	3	519.40 	574.84 	57.54 
30	-28.81 	-91.43 	3	1	405.80 	454.44 	53.68 
31	-16.17 	-77.67 	3	2	272.19 	326.65 	49.74 
32	-4.71 	-82.42 	3	3	795.32 	852.03 	54.15 
33	-11.79 	-109.28 	3	3	1087.92 	1127.95 	47.99 
34	10.03 	-47.64 	3	4	936.37 	1001.89 	56.05 
35	4.71 	-73.01 	3	5	656.85 	704.97 	60.40 
36	-3.21 	-59.42 	3	1	907.30 	963.82 	57.03 
37	-59.15 	-9.99 	4	1	130.48 	188.58 	59.39 
38	-56.23 	-28.76 	4	3	785.85 	853.31 	60.24 
39	-86.11 	13.09 	4	4	1076.94 	1131.05 	48.72 
40	-58.89 	16.19 	4	2	659.27 	709.19 	52.18 
41	-53.30 	0.02 	4	1	451.28 	503.05 	49.35 
42	-61.47 	-28.25 	4	3	1010.96 	1066.81 	54.03 
43	-70.52 	-5.11 	4	2	293.70 	354.97 	62.14 
44	-67.32 	2.92 	4	5	52.39 	96.80 	53.98 
45	-42.13 	-17.39 	4	5	1067.08 	1123.85 	57.91 
46	-94.66 	1.09 	4	3	93.13 	158.22 	50.13 
47	-46.65 	-0.70 	4	1	1129.21 	1178.70 	63.46 
48	-89.42 	16.75 	4	2	824.47 	879.23 	50.22 
