24           5              4              1                2             28


1	1	2	0	1200	400	600	30
2	1	3	0	1200	400	600	30
3	2	1	0	1200	400	600	30
4	2	3	0	1200	400	600	30
5	0	5	0	1200	400	600	30


1             -2.52 	-9.18        1              
2             -2.52 	-9.18        1             
3             2.13 	 8.14         2              
4             2.13 	 8.14         2             

1	-5.08 	-14.03 	1	2	586.75 	635.52 	60.13 
2	-0.76 	-8.29 	1	2	26.05 	83.52 	49.80 
3	-2.15 	-9.42 	1	5	57.08 	116.47 	48.25 
4	1.42 	-7.13 	1	5	1075.50 	1125.78 	48.51 
5	-1.49 	-7.76 	1	1	955.65 	1004.88 	58.48 
6	-4.33 	-10.10 	1	3	549.17 	606.12 	62.02 
7	-1.73 	-5.33 	1	1	361.60 	424.71 	48.44 
8	-4.06 	-8.91 	1	1	1070.40 	1134.78 	46.09 
9	-8.11 	-12.96 	1	3	1085.72 	1134.10 	55.57 
10	-3.07 	-9.12 	1	2	267.95 	316.24 	52.92 
11	-1.81 	-9.62 	1	4	311.07 	366.52 	62.62 
12	0.90 	-7.51 	1	3	1037.62 	1090.04 	59.19 
13	2.73 	7.85 	2	2	173.62 	222.93 	60.99 
14	0.81 	2.78 	2	3	437.10 	483.72 	46.35 
15	1.90 	8.68 	2	2	515.55 	575.99 	58.52 
16	1.72 	8.07 	2	3	585.37 	636.69 	49.51 
17	4.64 	8.79 	2	2	374.90 	424.25 	53.94 
18	1.46 	7.46 	2	5	341.78 	398.80 	45.64 
19	0.09 	7.05 	2	1	27.76 	78.70 	50.28 
20	1.80 	10.49 	2	4	400.98 	459.50 	46.69 
21	0.52 	5.22 	2	5	825.29 	888.56 	49.11 
22	-0.20 	7.80 	2	3	1088.02 	1131.56 	59.84 
23	5.41 	12.07 	2	1	567.50 	614.14 	57.33 
24	4.68 	11.47 	2	1	451.92 	503.38 	51.42 
