400           64             48              16               8             416


1	1	1	0	1200	400	600	30
2	1	1	0	1200	400	600	30
3	1	2	0	1200	400	600	30
4	1	2	0	1200	400	600	30
5	1	3	0	1200	400	600	30
6	1	3	0	1200	400	600	30
7	2	1	0	1200	400	600	30
8	2	1	0	1200	400	600	30
9	2	2	0	1200	400	600	30
10	2	2	0	1200	400	600	30
11	2	3	0	1200	400	600	30
12	2	3	0	1200	400	600	30
13	3	1	0	1200	400	600	30
14	3	1	0	1200	400	600	30
15	3	2	0	1200	400	600	30
16	3	2	0	1200	400	600	30
17	3	3	0	1200	400	600	30
18	3	3	0	1200	400	600	30
19	4	1	0	1200	400	600	30
20	4	1	0	1200	400	600	30
21	4	2	0	1200	400	600	30
22	4	2	0	1200	400	600	30
23	4	3	0	1200	400	600	30
24	4	3	0	1200	400	600	30
25	5	1	0	1200	400	600	30
26	5	1	0	1200	400	600	30
27	5	2	0	1200	400	600	30
28	5	2	0	1200	400	600	30
29	5	3	0	1200	400	600	30
30	5	3	0	1200	400	600	30
31	6	1	0	1200	400	600	30
32	6	1	0	1200	400	600	30
33	6	2	0	1200	400	600	30
34	6	2	0	1200	400	600	30
35	6	3	0	1200	400	600	30
36	6	3	0	1200	400	600	30
37	7	1	0	1200	400	600	30
38	7	1	0	1200	400	600	30
39	7	2	0	1200	400	600	30
40	7	2	0	1200	400	600	30
41	7	3	0	1200	400	600	30
42	7	3	0	1200	400	600	30
43	8	1	0	1200	400	600	30
44	8	1	0	1200	400	600	30
45	8	2	0	1200	400	600	30
46	8	2	0	1200	400	600	30
47	8	3	0	1200	400	600	30
48	8	3	0	1200	400	600	30
49	0	5	0	1200	400	600	30
50	0	5	0	1200	400	600	30
51	0	5	0	1200	400	600	30
52	0	5	0	1200	400	600	30
53	0	5	0	1200	400	600	30
54	0	5	0	1200	400	600	30
55	0	5	0	1200	400	600	30
56	0	5	0	1200	400	600	30
57	0	5	0	1200	400	600	30
58	0	5	0	1200	400	600	30
59	0	5	0	1200	400	600	30
60	0	5	0	1200	400	600	30
61	0	5	0	1200	400	600	30
62	0	5	0	1200	400	600	30
63	0	5	0	1200	400	600	30
64	0	5	0	1200	400	600	30


1              -110 	110         1             
2              -110 	110         1             
3                0 	110         2              
4                0 	110         2             
5               110          110         3              
6               110          110         3            
7              -110            0          4              
8              -110            0          4             
9               110 	   0         5              
10             110 	   0         5             
11            -110 	-110         6              
12            -110 	-110         6             
13               0          -110         7              
14               0          -110         7            
15              110       -110          8              
16              110       -110          8             


1	-129.42 	106.29 	1	3	594.94 	621.92 	62.37 
2	-100.68 	119.35 	1	3	176.09 	214.51 	45.18 
3	-130.34 	117.50 	1	3	872.29 	901.47 	55.54 
4	-107.56 	109.81 	1	1	139.43 	176.51 	57.66 
5	-119.34 	116.90 	1	3	219.31 	249.04 	55.02 
6	-110.02 	115.82 	1	3	554.73 	585.64 	56.67 
7	-80.55 	125.54 	1	5	782.39 	811.10 	58.22 
8	-92.33 	130.42 	1	4	459.59 	487.79 	47.25 
9	-87.12 	119.20 	1	2	177.35 	199.41 	59.20 
10	-105.14 	121.66 	1	3	56.62 	80.82 	58.21 
11	-108.06 	133.79 	1	1	532.93 	567.20 	55.49 
12	-87.48 	85.89 	1	2	485.58 	510.71 	62.44 
13	-133.02 	133.87 	1	1	784.11 	795.17 	50.39 
14	-89.04 	111.43 	1	3	283.42 	311.50 	52.03 
15	-106.53 	81.94 	1	1	455.53 	479.35 	48.94 
16	-87.47 	82.44 	1	4	631.28 	654.41 	46.99 
17	-92.53 	137.70 	1	1	871.89 	901.22 	51.61 
18	-98.17 	127.98 	1	3	906.99 	932.78 	64.02 
19	-106.74 	123.09 	1	2	731.94 	760.90 	52.48 
20	-98.22 	101.55 	1	2	161.36 	178.76 	48.88 
21	-85.36 	111.92 	1	2	735.89 	758.38 	52.98 
22	-92.23 	87.75 	1	2	1167.04 	1201.25 	55.94 
23	-93.04 	112.02 	1	2	1096.66 	1123.28 	57.44 
24	-98.26 	130.60 	1	5	691.33 	710.38 	63.16 
25	-132.33 	128.36 	1	2	179.19 	201.09 	60.54 
26	-115.59 	96.45 	1	2	1130.00 	1148.74 	48.33 
27	-97.03 	130.68 	1	3	89.75 	120.65 	52.24 
28	-89.71 	89.45 	1	4	595.71 	625.22 	56.04 
29	-117.59 	128.60 	1	1	465.25 	489.48 	46.96 
30	-115.08 	126.18 	1	3	488.17 	517.30 	58.07 
31	-126.65 	121.05 	1	1	414.09 	445.05 	60.48 
32	-88.30 	101.30 	1	1	626.55 	650.49 	45.88 
33	-134.48 	129.46 	1	5	212.25 	246.40 	50.07 
34	-86.75 	130.11 	1	2	1052.95 	1080.07 	54.33 
35	-108.46 	91.82 	1	4	87.89 	101.15 	62.04 
36	-102.99 	92.26 	1	4	1074.38 	1093.10 	63.83 
37	-125.32 	134.94 	1	2	454.97 	478.09 	59.44 
38	-136.00 	112.09 	1	4	789.58 	827.20 	55.64 
39	-137.13 	109.03 	1	1	48.87 	75.78 	63.52 
40	-80.94 	108.65 	1	3	1080.99 	1102.84 	49.26 
41	-84.12 	125.47 	1	4	940.50 	962.55 	52.28 
42	-98.43 	133.86 	1	1	315.22 	335.68 	61.05 
43	-120.80 	92.64 	1	1	432.81 	450.22 	45.26 
44	-110.66 	84.81 	1	3	1060.22 	1086.87 	58.18 
45	-124.03 	84.20 	1	2	924.87 	952.71 	47.75 
46	-80.32 	105.36 	1	4	260.39 	290.43 	63.87 
47	-87.36 	93.35 	1	4	879.13 	907.41 	56.24 
48	-111.67 	125.70 	1	1	690.88 	718.91 	55.60 
49	-122.71 	113.53 	1	1	569.32 	600.75 	56.22 
50	-120.12 	138.39 	1	1	273.33 	295.42 	52.15 
51	-0.98 	93.75 	2	2	608.35 	641.42 	48.95 
52	-29.73 	84.90 	2	5	61.98 	77.92 	58.95 
53	28.73 	130.97 	2	1	904.20 	916.94 	48.75 
54	-7.61 	108.90 	2	1	1100.39 	1124.73 	57.54 
55	14.42 	108.42 	2	3	446.59 	470.84 	48.41 
56	26.77 	129.96 	2	1	1166.44 	1189.36 	47.92 
57	28.47 	102.85 	2	4	752.74 	763.77 	60.20 
58	-18.94 	85.47 	2	3	1152.36 	1178.65 	47.10 
59	-14.72 	94.63 	2	2	449.66 	477.64 	46.41 
60	7.36 	105.42 	2	1	421.26 	453.32 	45.91 
61	-28.62 	98.31 	2	2	840.05 	867.42 	59.66 
62	1.90 	95.33 	2	2	148.45 	176.22 	46.80 
63	29.33 	90.00 	2	2	118.99 	156.41 	46.10 
64	-10.37 	120.62 	2	1	939.93 	970.70 	52.43 
65	17.82 	124.19 	2	1	159.67 	186.05 	47.51 
66	11.47 	85.68 	2	3	247.94 	271.92 	48.87 
67	14.14 	134.33 	2	2	393.87 	409.40 	58.59 
68	0.58 	88.54 	2	3	883.00 	906.32 	60.33 
69	-11.04 	83.20 	2	5	300.90 	318.20 	52.83 
70	-27.12 	103.60 	2	4	954.85 	987.38 	46.17 
71	-3.58 	135.07 	2	3	386.30 	428.50 	59.18 
72	-0.17 	98.58 	2	3	1031.22 	1067.03 	59.00 
73	14.63 	91.50 	2	4	512.15 	540.26 	59.99 
74	17.30 	134.30 	2	3	596.02 	622.34 	46.36 
75	18.25 	118.01 	2	1	231.55 	264.48 	57.30 
76	-2.26 	86.08 	2	4	434.03 	467.53 	62.06 
77	5.99 	123.60 	2	5	114.19 	127.81 	62.86 
78	19.91 	87.83 	2	3	322.11 	354.20 	58.10 
79	-16.67 	135.99 	2	1	516.44 	535.17 	49.39 
80	5.51 	90.99 	2	1	82.64 	104.54 	55.19 
81	-26.78 	123.68 	2	1	65.84 	86.53 	56.00 
82	-13.04 	129.89 	2	3	836.52 	864.81 	57.26 
83	-10.75 	109.74 	2	4	546.99 	574.65 	55.72 
84	19.83 	111.18 	2	3	424.51 	447.90 	62.10 
85	22.00 	115.83 	2	1	573.42 	601.43 	58.72 
86	11.75 	126.83 	2	2	686.38 	716.47 	48.90 
87	8.86 	135.31 	2	3	886.88 	914.26 	55.90 
88	-5.16 	97.74 	2	4	804.80 	828.25 	54.65 
89	3.25 	86.69 	2	4	932.75 	955.10 	61.38 
90	5.76 	107.25 	2	1	671.27 	704.99 	63.38 
91	3.48 	90.79 	2	4	187.86 	210.41 	64.53 
92	-11.19 	126.26 	2	2	870.42 	889.28 	61.58 
93	27.07 	134.56 	2	1	747.08 	779.87 	55.02 
94	6.52 	96.85 	2	4	1030.35 	1061.51 	45.62 
95	-26.31 	138.10 	2	2	366.54 	397.81 	45.08 
96	-26.01 	108.22 	2	3	509.30 	541.84 	53.00 
97	-19.80 	96.47 	2	2	364.03 	386.71 	64.39 
98	23.90 	82.48 	2	2	595.48 	619.23 	46.78 
99	-12.61 	126.21 	2	2	602.34 	634.12 	47.49 
100	-3.88 	117.14 	2	1	988.93 	1007.18 	64.98 
101	115.56 	105.07 	3	1	679.61 	699.50 	61.73 
102	108.21 	130.34 	3	1	203.34 	223.20 	58.40 
103	120.37 	95.68 	3	2	451.40 	471.62 	65.00 
104	85.85 	116.75 	3	2	43.56 	63.77 	63.83 
105	90.96 	125.03 	3	1	344.46 	373.24 	55.42 
106	126.63 	115.26 	3	2	423.04 	451.72 	45.87 
107	107.76 	80.41 	3	3	154.62 	175.07 	62.30 
108	87.11 	120.04 	3	3	985.28 	1008.37 	52.23 
109	100.46 	121.50 	3	1	100.61 	128.41 	60.16 
110	120.21 	87.03 	3	3	543.77 	569.10 	64.57 
111	90.69 	127.53 	3	2	406.95 	437.80 	58.79 
112	90.77 	132.61 	3	4	520.36 	542.08 	49.42 
113	126.73 	138.70 	3	1	124.71 	154.90 	61.65 
114	109.32 	128.02 	3	2	1072.82 	1101.13 	54.11 
115	114.73 	118.85 	3	5	224.23 	246.00 	51.08 
116	125.53 	95.50 	3	1	448.18 	483.25 	52.53 
117	107.77 	135.42 	3	2	492.09 	514.10 	64.47 
118	133.55 	83.01 	3	1	808.85 	836.42 	55.44 
119	97.05 	132.86 	3	4	905.67 	935.57 	62.89 
120	124.44 	127.33 	3	1	470.49 	500.61 	47.92 
121	100.58 	105.38 	3	2	412.31 	428.14 	60.00 
122	105.58 	113.26 	3	3	694.21 	726.83 	51.61 
123	123.18 	90.81 	3	4	418.77 	445.27 	49.01 
124	94.86 	118.27 	3	2	1027.61 	1051.00 	58.81 
125	100.64 	115.56 	3	2	223.59 	248.16 	57.58 
126	83.06 	109.81 	3	3	391.62 	407.28 	54.88 
127	115.55 	129.02 	3	1	551.32 	587.21 	63.63 
128	123.50 	133.28 	3	3	732.17 	750.53 	64.67 
129	136.94 	99.51 	3	2	295.94 	325.83 	48.39 
130	93.19 	129.11 	3	4	738.50 	763.98 	45.87 
131	92.43 	101.15 	3	5	857.92 	876.07 	61.20 
132	121.18 	101.99 	3	4	769.07 	798.63 	64.51 
133	132.07 	131.16 	3	1	970.54 	1008.34 	57.70 
134	113.62 	110.09 	3	2	1047.51 	1081.42 	49.51 
135	116.14 	122.35 	3	4	1033.81 	1067.84 	45.38 
136	101.90 	88.78 	3	3	875.11 	899.56 	55.68 
137	91.64 	135.22 	3	3	988.38 	1018.09 	63.86 
138	94.46 	80.94 	3	3	686.87 	719.55 	48.05 
139	81.88 	116.83 	3	3	422.54 	447.83 	45.03 
140	87.01 	106.77 	3	1	483.00 	514.25 	59.50 
141	105.95 	83.61 	3	3	1035.19 	1063.27 	50.68 
142	99.67 	125.82 	3	4	99.85 	116.83 	51.26 
143	130.62 	92.70 	3	3	574.53 	598.98 	58.18 
144	119.46 	111.22 	3	1	307.68 	341.30 	56.61 
145	108.34 	134.61 	3	5	828.43 	850.38 	57.92 
146	139.74 	119.90 	3	1	629.10 	659.37 	48.94 
147	130.89 	122.50 	3	4	933.01 	954.22 	48.73 
148	109.44 	107.38 	3	1	869.47 	896.93 	48.89 
149	129.05 	128.91 	3	4	573.07 	592.90 	55.13 
150	128.91 	82.39 	3	2	699.22 	724.42 	63.19 
151	-115.32 	19.93 	4	1	1169.73 	1204.02 	54.60 
152	-121.13 	-2.18 	4	2	169.95 	194.57 	58.03 
153	-107.07 	-18.61 	4	2	238.15 	261.32 	64.42 
154	-133.38 	23.02 	4	2	1110.64 	1132.41 	57.97 
155	-88.19 	28.59 	4	5	1182.83 	1201.28 	51.22 
156	-101.27 	1.47 	4	2	1024.98 	1047.59 	49.48 
157	-107.07 	-14.14 	4	3	831.27 	865.14 	64.01 
158	-86.14 	7.89 	4	3	183.04 	207.56 	53.79 
159	-136.93 	13.29 	4	1	102.86 	132.81 	61.46 
160	-139.49 	-3.53 	4	5	479.51 	493.43 	55.39 
161	-118.80 	29.96 	4	1	987.56 	1007.10 	63.55 
162	-88.60 	-26.22 	4	1	755.79 	775.04 	49.27 
163	-122.68 	17.10 	4	2	717.46 	740.38 	46.82 
164	-138.93 	-18.70 	4	2	521.83 	556.98 	50.66 
165	-94.07 	11.01 	4	1	913.57 	939.23 	51.43 
166	-125.95 	-11.89 	4	4	1150.38 	1165.17 	54.11 
167	-85.48 	-7.04 	4	1	862.91 	891.01 	51.13 
168	-82.99 	18.72 	4	3	861.91 	893.27 	53.91 
169	-110.23 	9.93 	4	4	302.56 	323.44 	46.72 
170	-81.70 	12.16 	4	4	866.47 	894.90 	46.73 
171	-87.80 	22.32 	4	3	933.88 	961.71 	45.29 
172	-112.70 	19.27 	4	4	1142.11 	1171.99 	52.13 
173	-131.81 	-15.94 	4	3	337.17 	363.35 	53.65 
174	-98.96 	-3.19 	4	4	1008.51 	1033.61 	52.17 
175	-135.31 	0.84 	4	5	937.58 	966.17 	55.09 
176	-82.83 	19.04 	4	2	108.23 	130.31 	53.38 
177	-81.64 	18.49 	4	2	778.83 	798.87 	59.94 
178	-132.57 	23.63 	4	3	973.36 	997.29 	56.68 
179	-90.30 	21.53 	4	1	354.52 	383.19 	53.59 
180	-120.91 	-3.18 	4	4	886.18 	911.34 	51.27 
181	-91.64 	-3.30 	4	2	849.72 	886.06 	60.22 
182	-81.12 	-16.02 	4	1	234.98 	256.38 	59.67 
183	-126.70 	-5.64 	4	1	109.49 	156.83 	45.85 
184	-134.90 	-25.14 	4	3	273.63 	294.69 	50.78 
185	-97.74 	16.50 	4	4	1125.36 	1141.26 	63.36 
186	-101.11 	16.68 	4	4	908.56 	944.12 	57.93 
187	-117.92 	19.34 	4	2	789.30 	827.75 	62.96 
188	-109.02 	26.71 	4	1	96.11 	121.85 	61.38 
189	-103.31 	27.59 	4	3	741.80 	772.92 	54.31 
190	-113.64 	-3.59 	4	3	129.38 	145.76 	49.27 
191	-90.55 	12.05 	4	1	691.53 	712.72 	59.82 
192	-84.45 	29.09 	4	2	1155.97 	1184.61 	60.91 
193	-115.28 	-5.34 	4	1	778.97 	809.53 	52.26 
194	-108.32 	13.96 	4	1	817.67 	844.30 	62.01 
195	-92.40 	-28.59 	4	2	106.41 	123.91 	59.83 
196	-114.96 	-19.36 	4	3	518.60 	532.41 	63.27 
197	-128.55 	-27.64 	4	4	1058.01 	1085.57 	64.97 
198	-89.32 	10.16 	4	1	680.64 	709.61 	63.15 
199	-80.98 	-5.53 	4	3	479.71 	507.06 	60.65 
200	-137.37 	3.58 	4	3	603.63 	629.57 	60.96 
201	96.28 	-8.62 	5	3	899.31 	941.29 	60.24 
202	89.89 	-5.59 	5	5	297.33 	318.91 	64.13 
203	132.45 	13.81 	5	2	230.79 	268.29 	52.47 
204	94.31 	9.24 	5	3	556.23 	578.29 	48.38 
205	128.18 	-18.27 	5	3	133.80 	157.29 	52.63 
206	128.81 	-10.74 	5	2	591.70 	614.01 	49.56 
207	82.47 	-22.26 	5	1	746.75 	761.02 	63.61 
208	94.88 	1.54 	5	1	764.22 	786.05 	53.71 
209	98.01 	6.32 	5	4	182.12 	211.33 	55.25 
210	124.59 	-2.54 	5	1	94.02 	121.07 	46.49 
211	88.29 	-21.41 	5	1	280.15 	308.64 	53.35 
212	103.92 	-3.66 	5	4	52.66 	84.00 	59.87 
213	126.61 	-7.65 	5	3	176.06 	207.27 	56.91 
214	119.31 	-3.73 	5	1	455.54 	484.13 	47.60 
215	105.05 	2.64 	5	4	1004.59 	1017.46 	61.29 
216	95.41 	22.96 	5	5	971.41 	987.71 	55.81 
217	109.96 	-8.59 	5	2	543.18 	563.73 	48.16 
218	127.38 	29.86 	5	1	604.10 	637.95 	61.94 
219	108.93 	12.57 	5	4	472.65 	500.23 	56.28 
220	89.43 	-8.84 	5	1	239.57 	270.75 	51.61 
221	117.70 	24.01 	5	2	296.66 	324.97 	51.84 
222	102.63 	-19.24 	5	1	659.53 	679.75 	62.92 
223	90.11 	29.81 	5	3	120.07 	150.93 	56.66 
224	111.37 	27.17 	5	4	907.81 	932.41 	55.47 
225	120.04 	-21.05 	5	3	189.68 	214.69 	49.84 
226	139.73 	-16.03 	5	2	509.66 	537.04 	56.46 
227	118.03 	21.77 	5	2	82.78 	100.33 	53.59 
228	92.58 	7.46 	5	1	1011.73 	1028.97 	52.64 
229	106.12 	26.79 	5	4	1132.68 	1159.57 	62.10 
230	94.37 	23.16 	5	4	570.59 	592.28 	45.23 
231	116.22 	-2.92 	5	1	211.71 	229.33 	62.09 
232	132.33 	-5.13 	5	5	173.86 	203.15 	55.53 
233	114.94 	29.12 	5	1	692.15 	725.62 	60.15 
234	83.18 	6.44 	5	2	133.96 	163.47 	48.25 
235	104.32 	6.60 	5	2	519.05 	543.13 	54.27 
236	103.04 	-19.47 	5	4	1090.85 	1117.00 	62.15 
237	97.43 	10.24 	5	2	510.78 	543.18 	57.08 
238	99.28 	-2.48 	5	3	107.74 	139.89 	48.03 
239	119.89 	-16.24 	5	1	846.00 	872.20 	60.61 
240	84.39 	-16.51 	5	2	838.05 	861.70 	50.24 
241	121.05 	-3.59 	5	3	808.82 	835.25 	46.88 
242	92.07 	-10.92 	5	1	1012.63 	1036.83 	52.80 
243	109.91 	0.17 	5	3	642.04 	671.56 	47.73 
244	94.94 	-26.35 	5	3	502.52 	526.97 	60.90 
245	80.17 	-27.77 	5	3	90.93 	123.88 	56.71 
246	100.08 	7.38 	5	4	698.51 	713.99 	47.53 
247	121.08 	-21.39 	5	2	498.18 	527.63 	47.53 
248	87.81 	-9.27 	5	4	239.49 	269.26 	59.25 
249	121.93 	7.57 	5	3	395.07 	416.04 	52.69 
250	124.27 	7.74 	5	2	212.93 	244.87 	62.02 
251	-82.23 	-92.79 	6	2	786.77 	809.88 	50.43 
252	-125.46 	-94.60 	6	2	928.42 	953.25 	54.89 
253	-122.89 	-127.47 	6	3	953.79 	986.12 	54.96 
254	-95.73 	-93.45 	6	3	750.39 	776.72 	62.88 
255	-95.14 	-81.13 	6	1	1049.04 	1081.07 	47.30 
256	-124.42 	-101.95 	6	2	357.89 	383.86 	48.28 
257	-90.32 	-104.62 	6	1	213.26 	233.95 	45.22 
258	-91.55 	-118.88 	6	3	275.44 	301.30 	61.80 
259	-83.03 	-139.12 	6	3	223.46 	246.99 	57.23 
260	-125.95 	-120.23 	6	1	890.50 	922.95 	62.11 
261	-126.36 	-109.95 	6	3	1071.39 	1096.30 	49.63 
262	-111.10 	-97.21 	6	4	430.13 	457.92 	58.16 
263	-130.39 	-122.13 	6	4	831.57 	851.62 	51.00 
264	-106.30 	-138.30 	6	4	718.38 	746.00 	48.01 
265	-122.27 	-139.29 	6	1	1024.19 	1057.87 	63.76 
266	-122.12 	-126.29 	6	1	558.81 	590.60 	49.72 
267	-123.61 	-82.18 	6	3	524.20 	545.46 	59.58 
268	-116.47 	-122.84 	6	2	596.62 	624.76 	61.15 
269	-107.35 	-117.79 	6	3	509.55 	536.79 	57.62 
270	-139.19 	-132.84 	6	1	219.96 	252.11 	53.77 
271	-118.23 	-139.28 	6	4	880.11 	905.19 	55.53 
272	-105.73 	-108.98 	6	3	833.84 	865.64 	56.88 
273	-132.64 	-133.96 	6	1	190.84 	224.36 	50.64 
274	-133.16 	-96.86 	6	1	513.80 	547.35 	55.87 
275	-82.77 	-117.47 	6	2	210.81 	233.99 	54.32 
276	-134.99 	-109.11 	6	4	49.27 	73.84 	53.57 
277	-128.06 	-81.41 	6	5	190.43 	219.49 	61.50 
278	-135.24 	-119.04 	6	1	553.04 	581.02 	53.90 
279	-114.97 	-96.69 	6	4	369.03 	392.35 	58.72 
280	-125.05 	-99.11 	6	2	1125.63 	1163.94 	63.04 
281	-131.46 	-96.11 	6	3	183.31 	218.58 	52.85 
282	-87.15 	-137.00 	6	1	1158.14 	1177.28 	46.40 
283	-81.71 	-136.02 	6	2	542.60 	564.68 	48.77 
284	-104.34 	-90.36 	6	1	1100.41 	1139.89 	60.27 
285	-89.59 	-135.32 	6	3	194.12 	218.61 	49.45 
286	-95.15 	-101.21 	6	1	194.54 	220.23 	50.03 
287	-127.73 	-138.97 	6	2	657.40 	694.03 	63.73 
288	-103.15 	-90.77 	6	2	253.53 	280.59 	46.99 
289	-86.94 	-95.31 	6	4	1169.17 	1200.94 	48.60 
290	-94.16 	-104.21 	6	3	71.71 	106.50 	46.18 
291	-114.35 	-138.01 	6	2	954.88 	986.15 	51.87 
292	-115.45 	-90.41 	6	5	943.28 	967.26 	49.98 
293	-126.86 	-93.32 	6	3	323.61 	344.81 	59.90 
294	-137.20 	-102.18 	6	5	439.11 	473.72 	52.58 
295	-98.84 	-88.14 	6	4	129.64 	165.81 	55.98 
296	-109.10 	-86.31 	6	4	118.60 	143.63 	51.59 
297	-87.95 	-117.10 	6	1	571.17 	594.84 	47.22 
298	-86.94 	-94.47 	6	4	78.67 	108.50 	46.96 
299	-83.49 	-133.87 	6	2	692.80 	718.44 	46.28 
300	-135.28 	-117.08 	6	2	871.77 	895.59 	52.37 
301	7.54 	-119.97 	7	1	528.81 	543.21 	64.28 
302	-27.46 	-133.40 	7	3	111.66 	133.52 	46.27 
303	-16.39 	-87.03 	7	1	944.24 	964.51 	59.92 
304	9.89 	-82.54 	7	2	748.02 	773.62 	53.52 
305	16.78 	-104.74 	7	5	204.22 	226.16 	56.75 
306	22.74 	-112.62 	7	5	223.23 	257.95 	58.34 
307	13.77 	-96.09 	7	1	1081.20 	1108.63 	55.66 
308	-4.61 	-99.00 	7	1	784.32 	814.50 	56.18 
309	2.34 	-135.51 	7	2	659.91 	675.61 	45.93 
310	18.12 	-94.81 	7	2	957.03 	986.45 	54.81 
311	-14.15 	-100.62 	7	4	1086.36 	1105.19 	57.19 
312	15.12 	-105.43 	7	1	581.77 	608.18 	54.22 
313	5.97 	-113.69 	7	3	1148.92 	1177.04 	49.12 
314	25.70 	-129.10 	7	3	849.66 	879.05 	59.87 
315	17.14 	-95.76 	7	4	172.39 	207.78 	53.65 
316	-22.00 	-137.90 	7	3	1055.13 	1079.80 	55.22 
317	27.80 	-92.02 	7	4	418.58 	445.78 	51.56 
318	-7.84 	-112.92 	7	2	190.92 	219.37 	60.92 
319	-23.41 	-104.94 	7	4	184.61 	212.86 	52.06 
320	-14.13 	-116.88 	7	4	1183.10 	1206.72 	53.95 
321	20.56 	-105.54 	7	2	675.14 	709.30 	53.15 
322	-16.45 	-88.43 	7	1	969.18 	999.48 	49.83 
323	22.92 	-95.93 	7	5	100.55 	127.54 	46.98 
324	2.73 	-133.03 	7	3	445.61 	464.23 	53.17 
325	12.62 	-82.39 	7	2	1141.18 	1151.16 	59.39 
326	-18.01 	-84.46 	7	3	508.20 	533.58 	52.25 
327	11.30 	-81.17 	7	1	411.16 	434.75 	54.77 
328	28.40 	-83.10 	7	3	1162.31 	1190.62 	60.13 
329	-16.13 	-83.92 	7	4	602.79 	633.36 	49.54 
330	-28.11 	-130.46 	7	3	139.80 	179.19 	61.87 
331	17.46 	-124.18 	7	4	1083.70 	1106.66 	60.19 
332	-14.82 	-101.67 	7	2	495.14 	524.85 	48.22 
333	-25.93 	-98.81 	7	4	366.55 	381.20 	58.80 
334	-29.69 	-122.91 	7	3	839.55 	865.12 	57.36 
335	-2.60 	-121.13 	7	4	419.19 	441.46 	53.20 
336	22.72 	-113.64 	7	1	194.44 	209.52 	54.82 
337	4.68 	-121.63 	7	3	299.17 	327.66 	60.53 
338	3.19 	-132.34 	7	1	300.02 	321.27 	47.25 
339	12.13 	-101.05 	7	1	1037.53 	1067.64 	46.89 
340	-19.91 	-83.74 	7	3	519.06 	539.25 	50.70 
341	-8.59 	-133.54 	7	2	777.57 	797.57 	52.52 
342	-18.01 	-134.11 	7	2	892.72 	920.07 	60.87 
343	17.17 	-94.46 	7	4	652.31 	675.35 	48.83 
344	-23.41 	-130.02 	7	3	262.21 	298.83 	56.26 
345	19.01 	-88.97 	7	2	945.90 	972.30 	49.50 
346	-22.37 	-81.40 	7	1	489.43 	513.29 	60.78 
347	-26.69 	-134.68 	7	1	121.09 	145.82 	63.43 
348	29.12 	-83.19 	7	1	778.47 	803.78 	55.33 
349	-13.18 	-88.79 	7	2	200.05 	232.09 	61.02 
350	-5.95 	-101.21 	7	2	858.48 	888.33 	45.72 
351	96.19 	-110.71 	8	2	674.34 	689.00 	57.45 
352	105.98 	-93.12 	8	3	272.81 	300.14 	51.51 
353	99.52 	-91.02 	8	4	306.28 	344.99 	47.79 
354	85.11 	-84.59 	8	2	680.33 	706.34 	62.03 
355	82.67 	-136.22 	8	3	1051.57 	1081.39 	64.85 
356	102.92 	-129.73 	8	2	1050.93 	1089.76 	61.52 
357	99.16 	-106.60 	8	2	303.70 	334.41 	46.85 
358	112.11 	-105.55 	8	1	860.66 	888.48 	54.20 
359	84.36 	-99.52 	8	2	522.78 	551.70 	59.95 
360	119.70 	-98.49 	8	1	157.78 	179.63 	52.69 
361	106.71 	-92.18 	8	3	899.02 	925.58 	48.43 
362	102.55 	-95.69 	8	3	950.30 	983.18 	61.62 
363	119.95 	-120.57 	8	5	482.95 	515.11 	52.89 
364	80.02 	-124.42 	8	2	1097.33 	1122.99 	51.83 
365	92.76 	-139.78 	8	2	1003.71 	1026.28 	52.19 
366	86.55 	-127.98 	8	2	222.42 	246.38 	53.33 
367	109.00 	-86.35 	8	3	174.73 	200.74 	47.81 
368	92.15 	-113.57 	8	1	766.83 	795.10 	61.24 
369	119.45 	-136.34 	8	2	336.28 	361.30 	51.15 
370	101.05 	-106.55 	8	1	856.25 	879.90 	61.33 
371	81.31 	-85.79 	8	3	220.98 	243.98 	61.85 
372	97.69 	-101.62 	8	3	214.84 	245.04 	63.15 
373	84.28 	-90.32 	8	4	56.67 	81.86 	49.95 
374	130.77 	-105.92 	8	2	743.45 	769.39 	60.24 
375	123.25 	-114.18 	8	4	555.66 	583.17 	46.55 
376	85.84 	-115.24 	8	2	1028.07 	1061.03 	46.20 
377	133.66 	-87.32 	8	3	258.19 	288.11 	48.98 
378	94.81 	-122.27 	8	1	288.59 	321.80 	59.88 
379	115.87 	-128.08 	8	3	629.91 	653.99 	46.31 
380	111.15 	-120.94 	8	4	172.76 	207.11 	52.43 
381	125.87 	-127.84 	8	3	775.82 	807.88 	53.17 
382	131.67 	-134.64 	8	3	924.29 	950.00 	58.37 
383	130.91 	-116.73 	8	5	403.99 	436.11 	49.04 
384	119.64 	-134.16 	8	1	701.45 	724.69 	46.32 
385	80.65 	-85.24 	8	2	599.86 	625.40 	62.38 
386	105.44 	-130.44 	8	5	870.70 	907.53 	53.60 
387	98.12 	-117.83 	8	4	591.01 	609.90 	55.50 
388	139.99 	-103.32 	8	3	89.99 	111.55 	58.20 
389	80.41 	-130.32 	8	4	900.89 	926.30 	46.07 
390	90.46 	-115.20 	8	1	718.76 	740.80 	62.47 
391	101.97 	-109.66 	8	4	1079.96 	1100.52 	46.81 
392	136.51 	-85.88 	8	1	466.60 	495.34 	61.95 
393	93.27 	-107.45 	8	4	113.34 	145.48 	45.07 
394	85.26 	-122.97 	8	4	976.12 	1007.36 	51.29 
395	119.10 	-95.80 	8	1	157.71 	186.76 	61.94 
396	111.99 	-127.67 	8	1	145.96 	172.50 	59.89 
397	126.93 	-104.57 	8	1	909.53 	941.76 	58.25 
398	136.72 	-107.13 	8	1	1179.31 	1210.39 	50.43 
399	104.59 	-86.72 	8	4	1049.97 	1070.39 	52.38 
400	90.24 	-96.20 	8	1	1124.77 	1144.59 	64.79 
