200           32              24              8               8             216


1	1	2	0	1200	400	600	30
2	1	2	0	1200	400	600	30
3	1	3	0	1200	400	600	30
4	2	2	0	1200	400	600	30
5	2	2	0	1200	400	600	30
6	2	3	0	1200	400	600	30
7	3	1	0	1200	400	600	30
8	3	2	0	1200	400	600	30
9	3	3	0	1200	400	600	30
10	4	2	0	1200	400	600	30
11	4	2	0	1200	400	600	30
12	4	3	0	1200	400	600	30
13	5	2	0	1200	400	600	30
14	5	2	0	1200	400	600	30
15	5	3	0	1200	400	600	30
16	6	1	0	1200	400	600	30
17	6	2	0	1200	400	600	30
18	6	3	0	1200	400	600	30
19	7	2	0	1200	400	600	30
20	7	2	0	1200	400	600	30
21	7	3	0	1200	400	600	30
22	8	2	0	1200	400	600	30
23	8	2	0	1200	400	600	30
24	8	3	0	1200	400	600	30
25	0	5	0	1200	400	600	30
26	0	5	0	1200	400	600	30
27	0	5	0	1200	400	600	30
28	0	5	0	1200	400	600	30
29	0	5	0	1200	400	600	30
30	0	5	0	1200	400	600	30
31	0	5	0	1200	400	600	30
32	0	5	0	1200	400	600	30


1              -110 	110         1              
2              -110 	110         1             
3                0 	110         2              
4                0 	110         2             
5               110          110         3              
6               110          110         3             
7              -110            0          4              
8              -110            0          4             
9               110 	   0         5              
10             110 	   0         5             
11            -110 	-110         6              
12            -110 	-110         6            
13               0          -110         7              
14               0          -110         7            
15              110       -110          8             
16              110       -110          8             


1	-133.37 	133.39 	1	3	305.11 	372.56 	57.01 
2	-111.17 	87.01 	1	5	1127.48 	1176.56 	56.60 
3	-115.76 	128.80 	1	1	406.31 	456.06 	49.27 
4	-139.69 	121.18 	1	4	867.25 	916.00 	55.77 
5	-137.44 	126.46 	1	2	546.41 	591.98 	56.20 
6	-137.92 	97.84 	1	4	518.22 	577.78 	45.90 
7	-105.20 	122.82 	1	2	115.41 	165.40 	63.60 
8	-83.25 	84.52 	1	4	522.88 	575.40 	50.95 
9	-135.34 	86.22 	1	2	943.76 	998.33 	63.69 
10	-109.99 	135.84 	1	3	950.23 	1003.80 	54.49 
11	-102.81 	97.86 	1	1	490.75 	544.67 	46.35 
12	-124.89 	103.27 	1	3	344.09 	391.44 	50.54 
13	-108.78 	116.19 	1	3	404.59 	455.36 	64.49 
14	-124.03 	125.15 	1	5	805.69 	846.73 	57.49 
15	-101.67 	136.84 	1	4	312.84 	369.82 	47.27 
16	-139.88 	104.53 	1	1	477.22 	526.10 	47.97 
17	-139.38 	131.02 	1	1	48.67 	109.31 	49.97 
18	-104.09 	91.44 	1	1	581.86 	638.55 	52.57 
19	-87.85 	132.58 	1	1	393.02 	441.16 	64.49 
20	-84.02 	128.38 	1	1	479.41 	535.85 	47.15 
21	-102.84 	85.66 	1	2	424.58 	480.12 	58.50 
22	-112.66 	107.34 	1	2	502.41 	556.31 	58.42 
23	-109.92 	108.91 	1	2	1124.21 	1178.54 	52.67 
24	-117.90 	136.75 	1	3	795.82 	854.12 	55.42 
25	-111.95 	82.89 	1	3	851.65 	904.03 	46.80 
26	-26.27 	116.07 	2	3	1165.37 	1213.00 	54.63 
27	-25.27 	115.42 	2	3	1172.21 	1227.17 	60.21 
28	8.20 	113.55 	2	5	42.79 	102.30 	59.42 
29	8.56 	127.18 	2	1	1005.73 	1053.82 	51.82 
30	-4.10 	123.89 	2	1	676.17 	719.58 	64.88 
31	-21.40 	131.14 	2	2	929.22 	986.38 	59.34 
32	-16.52 	100.03 	2	3	474.01 	529.77 	47.04 
33	-16.16 	132.79 	2	2	103.35 	151.59 	53.20 
34	27.31 	135.26 	2	1	734.47 	782.21 	61.00 
35	-18.81 	81.73 	2	1	808.13 	863.23 	62.14 
36	4.20 	87.48 	2	3	952.41 	1015.12 	52.56 
37	4.77 	120.80 	2	1	249.81 	308.19 	53.63 
38	13.00 	138.61 	2	4	413.99 	465.16 	56.07 
39	-24.57 	106.28 	2	2	221.55 	274.47 	53.16 
40	29.15 	106.35 	2	4	1055.76 	1107.70 	56.16 
41	9.23 	113.18 	2	2	113.19 	168.96 	51.10 
42	27.02 	84.32 	2	3	77.16 	123.83 	56.41 
43	27.96 	114.64 	2	1	638.63 	708.74 	57.23 
44	-22.24 	134.23 	2	2	254.06 	313.53 	53.68 
45	27.40 	108.40 	2	1	454.72 	496.64 	49.84 
46	4.99 	82.38 	2	4	502.16 	556.81 	56.26 
47	-28.49 	95.36 	2	4	547.23 	602.52 	62.52 
48	16.52 	106.20 	2	3	678.66 	725.91 	56.65 
49	27.54 	137.24 	2	2	715.55 	780.62 	57.21 
50	15.12 	96.76 	2	4	1020.06 	1065.63 	47.98 
51	109.07 	125.39 	3	5	232.58 	291.80 	64.32 
52	101.11 	135.23 	3	1	981.87 	1038.00 	51.40 
53	117.72 	97.99 	3	2	676.16 	732.09 	49.86 
54	82.87 	98.43 	3	3	375.89 	426.62 	52.88 
55	99.96 	106.90 	3	4	572.80 	631.07 	53.78 
56	91.75 	119.43 	3	3	1002.40 	1054.75 	47.19 
57	84.63 	106.99 	3	4	212.28 	267.04 	57.27 
58	103.73 	126.10 	3	1	237.10 	295.16 	61.40 
59	85.91 	132.86 	3	1	117.04 	176.57 	45.89 
60	96.88 	138.10 	3	3	724.97 	789.58 	55.31 
61	104.81 	121.64 	3	1	575.21 	628.07 	56.01 
62	104.99 	131.99 	3	2	113.89 	165.20 	45.71 
63	84.39 	80.42 	3	3	1010.58 	1057.57 	62.81 
64	83.73 	84.57 	3	2	338.15 	394.58 	61.79 
65	105.92 	131.39 	3	1	732.98 	781.58 	64.04 
66	113.04 	134.12 	3	1	678.05 	732.60 	58.51 
67	94.85 	83.57 	3	3	779.97 	834.15 	46.61 
68	129.81 	120.53 	3	1	532.34 	592.35 	55.36 
69	111.17 	96.31 	3	3	205.51 	267.17 	54.48 
70	91.94 	138.04 	3	5	1109.55 	1157.04 	55.27 
71	92.34 	138.43 	3	2	1021.92 	1066.72 	57.62 
72	138.85 	84.67 	3	2	130.66 	188.02 	49.29 
73	133.67 	87.67 	3	2	856.11 	900.87 	45.94 
74	123.62 	110.33 	3	4	1129.77 	1186.61 	63.57 
75	102.23 	122.27 	3	4	610.92 	667.63 	55.34 
76	-114.75 	16.96 	4	2	969.22 	1021.32 	58.64 
77	-107.23 	24.62 	4	2	797.21 	845.61 	48.24 
78	-97.56 	14.05 	4	3	663.96 	726.66 	45.87 
79	-102.19 	-12.36 	4	2	786.30 	843.31 	48.58 
80	-94.32 	-18.74 	4	5	189.67 	238.56 	54.27 
81	-88.15 	15.29 	4	4	216.97 	279.82 	56.85 
82	-117.89 	6.85 	4	3	1082.87 	1141.95 	64.47 
83	-119.11 	6.97 	4	2	868.49 	917.50 	47.73 
84	-87.60 	16.53 	4	1	199.83 	250.08 	59.72 
85	-109.50 	5.68 	4	3	881.23 	942.10 	56.20 
86	-98.43 	29.56 	4	4	751.58 	796.04 	58.02 
87	-108.05 	-4.12 	4	4	381.64 	443.02 	64.83 
88	-108.95 	2.23 	4	2	620.43 	678.58 	48.34 
89	-104.50 	-29.74 	4	3	808.86 	865.26 	50.20 
90	-108.76 	11.61 	4	3	992.98 	1052.70 	64.48 
91	-121.37 	-15.03 	4	1	818.19 	859.82 	52.95 
92	-114.31 	-29.32 	4	1	357.56 	417.55 	48.04 
93	-139.80 	23.83 	4	1	666.93 	725.77 	48.29 
94	-114.63 	26.90 	4	2	425.96 	488.29 	64.05 
95	-89.10 	-14.35 	4	1	1117.03 	1168.08 	61.57 
96	-94.84 	-4.25 	4	1	935.68 	982.70 	46.32 
97	-120.56 	29.50 	4	1	720.23 	768.22 	53.55 
98	-129.74 	-24.82 	4	4	991.49 	1039.22 	60.00 
99	-126.34 	0.46 	4	3	179.41 	230.84 	64.01 
100	-108.34 	5.66 	4	4	960.66 	1010.43 	56.92 
101	119.32 	-29.44 	5	3	818.29 	881.35 	52.43 
102	112.62 	12.19 	5	1	297.73 	351.95 	54.53 
103	127.65 	12.50 	5	4	570.80 	618.00 	62.02 
104	100.73 	9.49 	5	2	742.20 	794.27 	46.06 
105	123.96 	-22.65 	5	3	501.33 	554.72 	49.30 
106	138.02 	-14.80 	5	1	1166.65 	1222.31 	57.75 
107	112.31 	4.83 	5	4	902.48 	944.05 	51.54 
108	80.95 	-4.51 	5	1	790.49 	837.21 	63.65 
109	80.08 	-29.38 	5	1	81.51 	137.79 	61.22 
110	105.47 	12.98 	5	2	715.64 	775.54 	60.13 
111	85.51 	-12.13 	5	3	136.06 	195.93 	57.71 
112	133.14 	23.91 	5	3	254.79 	304.67 	61.59 
113	103.61 	20.66 	5	3	297.81 	346.97 	63.55 
114	138.65 	11.85 	5	2	752.22 	808.18 	56.73 
115	93.63 	-15.07 	5	5	132.94 	186.91 	58.41 
116	89.46 	19.48 	5	4	156.75 	219.97 	45.74 
117	100.31 	17.01 	5	1	1058.68 	1114.68 	52.54 
118	97.66 	-22.31 	5	2	258.33 	311.62 	58.12 
119	81.03 	-5.39 	5	1	25.84 	85.74 	46.29 
120	86.10 	18.87 	5	2	818.67 	860.18 	63.20 
121	107.67 	5.12 	5	2	935.64 	993.07 	64.65 
122	135.83 	-19.82 	5	4	1172.35 	1218.29 	52.92 
123	123.48 	2.50 	5	1	819.38 	878.61 	54.53 
124	120.09 	20.95 	5	5	1038.22 	1079.57 	49.31 
125	94.55 	-26.10 	5	3	95.02 	145.31 	63.65 
126	-94.45 	-127.98 	6	2	972.29 	1029.08 	64.01 
127	-123.04 	-87.11 	6	2	248.62 	315.56 	63.37 
128	-86.42 	-136.75 	6	3	874.27 	925.89 	54.17 
129	-100.86 	-127.32 	6	1	979.10 	1034.03 	58.72 
130	-85.70 	-103.43 	6	3	598.03 	649.96 	49.57 
131	-139.11 	-111.27 	6	3	208.07 	266.24 	48.22 
132	-126.87 	-98.95 	6	4	928.65 	975.30 	48.82 
133	-85.86 	-91.19 	6	2	460.40 	512.13 	63.75 
134	-103.93 	-86.10 	6	1	171.54 	234.95 	63.79 
135	-99.65 	-115.48 	6	1	1100.07 	1153.86 	50.02 
136	-83.81 	-80.21 	6	4	1055.68 	1104.76 	51.56 
137	-93.88 	-84.09 	6	4	40.88 	87.97 	53.18 
138	-92.82 	-87.59 	6	4	1066.29 	1119.32 	45.80 
139	-86.73 	-94.51 	6	3	882.88 	937.45 	60.10 
140	-81.17 	-93.31 	6	4	293.41 	341.95 	52.41 
141	-104.71 	-97.36 	6	5	727.66 	781.65 	61.83 
142	-87.66 	-81.95 	6	1	309.95 	371.62 	60.70 
143	-114.71 	-94.48 	6	3	104.28 	164.95 	47.40 
144	-133.22 	-82.33 	6	2	593.90 	649.14 	61.60 
145	-87.97 	-92.98 	6	3	1028.48 	1076.06 	48.05 
146	-103.47 	-132.11 	6	4	768.60 	827.47 	52.37 
147	-114.08 	-124.31 	6	1	94.99 	159.93 	54.28 
148	-132.94 	-82.99 	6	1	136.33 	188.26 	56.42 
149	-130.69 	-94.43 	6	2	224.17 	282.70 	48.72 
150	-82.26 	-117.58 	6	2	114.30 	181.48 	46.17 
151	26.86 	-94.53 	7	4	1000.27 	1049.13 	46.58 
152	-9.70 	-83.85 	7	1	558.13 	618.94 	59.12 
153	-8.28 	-139.18 	7	1	195.02 	256.83 	53.51 
154	12.09 	-132.53 	7	2	951.82 	998.68 	60.64 
155	-14.69 	-85.32 	7	1	1016.46 	1069.76 	52.03 
156	29.02 	-101.61 	7	1	687.81 	737.54 	49.75 
157	-11.98 	-83.95 	7	1	747.07 	801.26 	64.70 
158	-17.41 	-85.08 	7	3	121.90 	187.32 	61.11 
159	20.62 	-92.42 	7	5	112.31 	168.27 	63.29 
160	-11.62 	-87.97 	7	1	1128.56 	1182.50 	52.59 
161	4.33 	-102.28 	7	5	876.02 	925.42 	59.41 
162	-27.76 	-106.58 	7	3	624.39 	680.74 	51.18 
163	20.75 	-97.47 	7	2	761.86 	813.97 	56.62 
164	-5.14 	-84.71 	7	2	589.30 	639.76 	46.02 
165	-0.04 	-97.29 	7	4	969.98 	1022.15 	57.94 
166	18.25 	-96.79 	7	3	849.83 	904.01 	52.94 
167	7.11 	-126.57 	7	2	665.48 	711.06 	59.10 
168	-14.80 	-89.86 	7	3	1034.30 	1072.65 	61.28 
169	-7.17 	-100.94 	7	3	1069.54 	1126.47 	52.83 
170	-4.36 	-93.91 	7	1	1047.35 	1094.67 	50.78 
171	-2.46 	-82.55 	7	4	877.83 	931.85 	50.51 
172	13.73 	-129.48 	7	2	1073.11 	1122.60 	46.66 
173	-17.78 	-102.42 	7	2	976.79 	1024.98 	54.71 
174	-4.97 	-115.32 	7	3	600.02 	654.97 	54.33 
175	-14.07 	-99.73 	7	4	1059.51 	1109.29 	63.76 
176	121.50 	-124.75 	8	2	315.68 	366.21 	49.14 
177	132.50 	-112.79 	8	3	1087.55 	1145.76 	64.46 
178	82.83 	-82.97 	8	4	410.00 	467.37 	65.00 
179	111.47 	-92.09 	8	1	551.51 	601.23 	52.09 
180	116.68 	-84.71 	8	2	386.48 	452.29 	51.54 
181	104.37 	-134.34 	8	2	900.19 	942.56 	51.29 
182	117.78 	-137.82 	8	2	1169.66 	1227.67 	49.90 
183	103.95 	-139.09 	8	3	433.32 	484.39 	61.64 
184	92.78 	-139.19 	8	1	681.68 	734.85 	49.43 
185	112.45 	-123.66 	8	5	968.76 	1025.47 	57.96 
186	129.09 	-119.69 	8	4	896.87 	948.56 	54.85 
187	90.45 	-107.22 	8	4	465.17 	513.39 	59.98 
188	119.69 	-138.15 	8	2	879.50 	940.28 	53.71 
189	95.36 	-103.30 	8	2	629.43 	680.96 	61.34 
190	109.73 	-103.78 	8	4	754.52 	809.68 	58.57 
191	130.65 	-125.68 	8	1	422.64 	468.87 	58.31 
192	134.33 	-108.12 	8	1	555.26 	617.99 	51.72 
193	138.16 	-120.64 	8	3	687.09 	743.43 	56.90 
194	91.44 	-88.90 	8	4	1036.23 	1090.57 	58.22 
195	111.77 	-88.93 	8	3	786.82 	843.27 	53.70 
196	92.52 	-90.72 	8	3	828.18 	874.10 	52.77 
197	103.64 	-105.11 	8	1	162.72 	227.55 	55.91 
198	139.88 	-116.32 	8	1	270.00 	321.03 	51.66 
199	136.99 	-88.33 	8	4	233.52 	292.09 	52.58 
200	104.21 	-108.64 	8	3	475.13 	529.62 	62.61 

