200           32              24              8               8             216


1	1	2	0	1200	400	600	30
2	1	2	0	1200	400	600	30
3	1	3	0	1200	400	600	30
4	2	2	0	1200	400	600	30
5	2	2	0	1200	400	600	30
6	2	3	0	1200	400	600	30
7	3	1	0	1200	400	600	30
8	3	2	0	1200	400	600	30
9	3	3	0	1200	400	600	30
10	4	2	0	1200	400	600	30
11	4	2	0	1200	400	600	30
12	4	3	0	1200	400	600	30
13	5	2	0	1200	400	600	30
14	5	2	0	1200	400	600	30
15	5	3	0	1200	400	600	30
16	6	1	0	1200	400	600	30
17	6	2	0	1200	400	600	30
18	6	3	0	1200	400	600	30
19	7	2	0	1200	400	600	30
20	7	2	0	1200	400	600	30
21	7	3	0	1200	400	600	30
22	8	2	0	1200	400	600	30
23	8	2	0	1200	400	600	30
24	8	3	0	1200	400	600	30
25	0	5	0	1200	400	600	30
26	0	5	0	1200	400	600	30
27	0	5	0	1200	400	600	30
28	0	5	0	1200	400	600	30
29	0	5	0	1200	400	600	30
30	0	5	0	1200	400	600	30
31	0	5	0	1200	400	600	30
32	0	5	0	1200	400	600	30


1              -110 	110         1              
2              -110 	110         1            
3                0 	110         2              
4                0 	110         2             
5               110          110         3              
6               110          110         3             
7              -110            0          4              
8              -110            0          4            
9               110 	   0         5              
10             110 	   0         5             
11            -110 	-110         6              
12            -110 	-110         6             
13               0          -110         7              
14               0          -110         7            
15              110       -110          8              
16              110       -110          8             


1	-107.83 	84.40 	1	1	1036.00 	1061.30 	49.81 
2	-80.65 	139.40 	1	3	345.72 	368.55 	55.23 
3	-106.01 	126.20 	1	1	144.11 	168.18 	64.54 
4	-97.19 	83.23 	1	3	941.76 	967.71 	60.91 
5	-107.90 	89.05 	1	3	986.68 	1017.17 	54.18 
6	-130.71 	82.26 	1	2	963.63 	977.22 	53.95 
7	-117.75 	133.37 	1	3	141.74 	164.76 	50.96 
8	-123.88 	114.05 	1	2	1051.29 	1080.08 	59.98 
9	-93.39 	113.16 	1	2	670.07 	696.50 	57.20 
10	-127.51 	135.92 	1	4	171.32 	207.23 	60.04 
11	-82.42 	113.79 	1	1	820.01 	852.08 	46.06 
12	-128.13 	93.14 	1	2	773.44 	800.25 	58.07 
13	-135.48 	90.93 	1	5	260.14 	291.39 	54.58 
14	-131.64 	92.28 	1	4	640.32 	670.82 	46.35 
15	-117.84 	128.44 	1	3	989.09 	1010.29 	56.32 
16	-80.05 	89.80 	1	1	992.50 	1027.45 	54.58 
17	-136.49 	124.41 	1	1	815.22 	847.65 	46.26 
18	-115.42 	99.29 	1	4	642.57 	656.66 	46.94 
19	-101.13 	91.16 	1	3	662.53 	682.25 	59.32 
20	-138.34 	96.31 	1	1	597.82 	635.34 	56.64 
21	-92.11 	124.69 	1	4	91.73 	125.40 	56.34 
22	-122.16 	103.64 	1	2	796.08 	816.72 	64.85 
23	-118.85 	125.61 	1	5	1176.49 	1196.04 	53.63 
24	-131.69 	123.93 	1	1	124.82 	137.11 	46.55 
25	-112.53 	103.33 	1	2	47.36 	76.93 	47.80 
26	19.39 	114.79 	2	2	937.87 	968.89 	48.50 
27	-26.33 	121.28 	2	4	58.19 	87.31 	63.88 
28	-24.84 	103.09 	2	3	578.94 	617.86 	59.04 
29	-14.07 	106.49 	2	1	978.62 	1005.21 	53.46 
30	29.96 	111.79 	2	3	591.46 	618.98 	60.90 
31	25.60 	83.08 	2	1	676.63 	705.06 	58.78 
32	12.82 	93.93 	2	3	380.77 	418.75 	51.32 
33	18.79 	129.91 	2	2	433.62 	469.48 	49.71 
34	-6.42 	103.07 	2	4	450.00 	468.81 	47.20 
35	29.95 	127.56 	2	3	172.52 	193.97 	49.55 
36	-20.12 	92.58 	2	1	955.77 	970.78 	48.80 
37	-13.57 	81.63 	2	1	142.12 	161.42 	49.78 
38	28.02 	115.94 	2	1	157.31 	187.60 	51.94 
39	27.79 	100.30 	2	4	961.62 	991.06 	45.87 
40	24.03 	91.68 	2	1	984.15 	1010.58 	46.09 
41	-1.51 	118.50 	2	2	855.61 	874.48 	53.58 
42	13.52 	124.63 	2	4	247.74 	278.05 	50.42 
43	-3.65 	122.23 	2	5	130.43 	159.17 	46.41 
44	-25.48 	136.46 	2	2	629.44 	665.92 	47.99 
45	28.00 	100.08 	2	3	595.52 	618.71 	50.62 
46	0.03 	123.35 	2	4	214.17 	240.79 	55.50 
47	-14.94 	112.45 	2	2	718.99 	734.39 	63.85 
48	26.51 	111.37 	2	1	575.35 	600.88 	58.74 
49	-8.54 	104.69 	2	3	1088.49 	1117.52 	48.27 
50	-0.55 	130.52 	2	2	373.06 	398.46 	56.02 
51	91.72 	85.57 	3	1	446.59 	486.47 	46.54 
52	84.90 	105.42 	3	1	234.54 	244.82 	54.61 
53	126.75 	82.44 	3	2	846.34 	874.06 	58.90 
54	109.20 	121.20 	3	3	536.13 	562.07 	62.18 
55	137.06 	131.23 	3	1	320.80 	356.16 	46.23 
56	85.30 	122.21 	3	1	1039.97 	1058.82 	46.25 
57	84.59 	124.29 	3	4	272.64 	287.23 	62.32 
58	98.25 	137.73 	3	2	257.18 	276.26 	50.53 
59	110.08 	137.40 	3	3	384.38 	404.55 	62.56 
60	119.47 	136.78 	3	1	1130.77 	1156.09 	64.08 
61	81.07 	126.08 	3	5	274.35 	299.89 	55.16 
62	139.16 	93.20 	3	2	808.61 	826.53 	61.22 
63	102.94 	132.85 	3	3	412.17 	435.22 	56.56 
64	88.36 	120.78 	3	4	139.33 	170.37 	56.54 
65	103.66 	114.22 	3	5	608.40 	637.89 	51.76 
66	101.29 	124.92 	3	3	346.15 	370.73 	50.61 
67	134.75 	94.71 	3	2	900.36 	915.91 	51.93 
68	117.73 	125.40 	3	1	503.81 	533.90 	54.72 
69	101.57 	88.30 	3	1	579.88 	605.70 	54.70 
70	131.01 	94.06 	3	4	929.88 	950.91 	58.80 
71	95.06 	113.05 	3	2	509.08 	528.54 	57.10 
72	87.06 	107.42 	3	3	995.70 	1023.61 	47.08 
73	90.21 	85.48 	3	2	925.51 	948.49 	54.01 
74	128.50 	133.58 	3	4	144.10 	172.30 	54.02 
75	127.75 	84.36 	3	3	661.08 	684.59 	50.70 
76	-118.26 	-3.15 	4	1	656.72 	673.87 	59.60 
77	-110.37 	13.43 	4	2	883.19 	909.31 	47.04 
78	-113.46 	-8.02 	4	1	1122.30 	1148.59 	52.19 
79	-131.64 	-20.24 	4	1	1072.43 	1104.27 	56.12 
80	-95.38 	-21.01 	4	3	661.34 	682.82 	47.46 
81	-115.47 	17.67 	4	2	580.93 	609.21 	61.49 
82	-107.36 	10.41 	4	5	342.15 	382.94 	59.42 
83	-93.85 	9.75 	4	2	1034.28 	1063.44 	47.55 
84	-102.30 	-24.53 	4	4	433.84 	460.91 	49.37 
85	-85.12 	6.17 	4	3	657.34 	688.47 	62.86 
86	-87.11 	-9.30 	4	2	62.80 	87.64 	52.00 
87	-135.77 	-12.96 	4	4	853.63 	880.59 	58.22 
88	-91.23 	22.74 	4	1	1151.05 	1162.20 	58.01 
89	-102.69 	11.86 	4	4	868.75 	885.32 	61.20 
90	-121.36 	28.64 	4	2	1123.90 	1140.54 	55.64 
91	-114.72 	-28.11 	4	3	943.13 	969.79 	59.34 
92	-103.29 	-15.68 	4	3	94.04 	122.19 	53.11 
93	-114.29 	18.01 	4	1	1154.29 	1180.84 	53.85 
94	-105.20 	9.06 	4	3	314.68 	335.59 	63.82 
95	-123.08 	-2.70 	4	2	129.77 	156.44 	59.15 
96	-100.64 	0.71 	4	4	789.82 	811.36 	49.45 
97	-87.91 	-8.50 	4	4	439.13 	466.81 	62.06 
98	-84.59 	28.68 	4	1	913.87 	948.53 	60.90 
99	-125.55 	-11.08 	4	1	1117.69 	1138.55 	50.25 
100	-115.01 	0.32 	4	3	830.60 	867.41 	60.64 
101	105.30 	-19.60 	5	3	196.17 	222.78 	64.37 
102	93.51 	27.94 	5	1	573.25 	600.88 	55.47 
103	92.63 	6.43 	5	3	783.66 	804.48 	49.25 
104	122.68 	11.62 	5	2	843.19 	871.23 	46.79 
105	103.22 	6.97 	5	1	308.10 	337.77 	45.45 
106	109.80 	-2.60 	5	3	482.57 	501.69 	52.28 
107	126.17 	-28.20 	5	1	1085.59 	1111.37 	55.23 
108	130.53 	13.45 	5	2	350.17 	383.59 	61.84 
109	91.90 	13.47 	5	3	847.07 	870.10 	56.01 
110	116.64 	15.22 	5	4	898.80 	929.12 	53.61 
111	136.92 	-21.54 	5	1	364.35 	396.46 	57.29 
112	94.56 	12.48 	5	3	110.46 	140.94 	48.70 
113	132.52 	15.44 	5	4	918.62 	948.21 	63.53 
114	96.47 	-5.60 	5	2	787.75 	813.70 	48.31 
115	136.60 	25.62 	5	2	238.91 	270.81 	46.91 
116	132.38 	14.55 	5	1	411.37 	444.37 	62.48 
117	124.67 	-19.40 	5	2	754.12 	781.80 	59.29 
118	100.09 	-11.90 	5	1	274.01 	305.47 	50.53 
119	97.16 	22.36 	5	1	691.92 	718.07 	60.07 
120	133.33 	12.37 	5	4	713.59 	733.56 	61.49 
121	83.81 	18.25 	5	2	45.19 	78.42 	54.95 
122	118.42 	-17.82 	5	5	665.26 	680.01 	59.90 
123	86.92 	-9.26 	5	3	764.25 	781.92 	50.32 
124	97.14 	-3.90 	5	4	931.38 	949.85 	57.43 
125	130.33 	-7.47 	5	5	982.85 	994.47 	50.63 
126	-123.15 	-98.58 	6	2	937.93 	966.84 	61.65 
127	-102.19 	-132.22 	6	2	976.66 	1003.07 	49.11 
128	-107.10 	-84.79 	6	3	821.40 	848.45 	52.45 
129	-133.01 	-139.24 	6	4	166.94 	192.26 	50.38 
130	-124.73 	-106.60 	6	1	1134.94 	1160.49 	50.55 
131	-131.79 	-129.89 	6	4	642.19 	661.38 	51.34 
132	-133.11 	-125.11 	6	4	572.34 	598.64 	54.16 
133	-139.76 	-133.82 	6	1	489.05 	521.11 	64.48 
134	-123.60 	-82.17 	6	4	488.09 	511.69 	64.53 
135	-109.73 	-136.03 	6	3	1119.44 	1153.68 	48.17 
136	-113.78 	-108.42 	6	3	919.63 	933.71 	50.06 
137	-97.73 	-135.06 	6	2	654.97 	683.61 	52.47 
138	-96.77 	-138.19 	6	2	103.66 	137.03 	52.76 
139	-82.04 	-112.44 	6	1	365.89 	395.06 	60.13 
140	-111.01 	-115.16 	6	5	217.18 	252.95 	62.56 
141	-130.12 	-118.25 	6	1	37.00 	68.55 	59.37 
142	-120.12 	-133.53 	6	4	257.07 	285.95 	56.92 
143	-116.61 	-106.14 	6	2	829.38 	852.69 	59.20 
144	-97.90 	-123.94 	6	1	608.84 	626.42 	49.63 
145	-111.70 	-83.71 	6	3	843.74 	872.70 	47.50 
146	-81.75 	-94.78 	6	3	865.58 	897.07 	49.03 
147	-113.30 	-103.40 	6	2	294.16 	320.55 	47.80 
148	-82.96 	-83.06 	6	4	524.30 	541.63 	59.99 
149	-93.93 	-118.76 	6	1	1108.22 	1132.35 	62.08 
150	-114.75 	-129.17 	6	3	801.46 	826.08 	54.71 
151	13.84 	-116.82 	7	2	896.59 	929.22 	55.55 
152	19.86 	-129.93 	7	3	153.75 	177.96 	48.22 
153	10.25 	-96.52 	7	1	509.10 	540.57 	46.28 
154	-4.97 	-80.04 	7	4	61.03 	94.70 	60.14 
155	-2.14 	-81.88 	7	1	929.05 	954.92 	58.85 
156	11.31 	-134.09 	7	2	605.42 	635.38 	57.74 
157	-22.22 	-118.90 	7	4	211.19 	220.63 	46.82 
158	26.02 	-98.15 	7	3	661.68 	692.56 	48.29 
159	28.68 	-103.79 	7	2	751.02 	792.18 	63.11 
160	5.88 	-130.32 	7	3	1115.58 	1135.51 	54.22 
161	21.51 	-133.80 	7	5	556.82 	588.08 	59.04 
162	-22.25 	-88.48 	7	4	338.85 	361.56 	46.25 
163	17.84 	-134.53 	7	1	1161.17 	1184.51 	64.87 
164	-18.72 	-122.95 	7	5	443.75 	462.99 	55.36 
165	-7.77 	-127.03 	7	1	685.72 	712.30 	61.08 
166	-2.33 	-111.47 	7	1	206.28 	233.59 	60.93 
167	-16.34 	-123.89 	7	2	777.39 	797.84 	64.03 
168	-16.84 	-123.06 	7	4	39.53 	69.44 	52.24 
169	-22.35 	-89.38 	7	2	628.24 	652.80 	64.65 
170	-12.48 	-85.56 	7	3	55.77 	83.78 	45.99 
171	-18.34 	-87.72 	7	1	995.40 	1027.41 	57.57 
172	22.33 	-130.57 	7	3	430.09 	464.16 	51.97 
173	14.21 	-104.20 	7	2	465.34 	487.06 	58.98 
174	24.17 	-112.62 	7	3	1135.70 	1167.94 	51.26 
175	-25.84 	-117.55 	7	1	675.95 	697.43 	55.91 
176	96.66 	-116.53 	8	4	1044.18 	1065.87 	52.37 
177	91.40 	-106.74 	8	4	120.76 	147.06 	48.99 
178	88.02 	-129.40 	8	3	787.99 	827.54 	45.98 
179	135.52 	-81.61 	8	4	141.21 	169.39 	57.64 
180	133.91 	-128.56 	8	3	223.92 	256.92 	45.65 
181	97.60 	-124.56 	8	1	77.95 	105.58 	61.47 
182	138.38 	-93.90 	8	1	908.68 	930.40 	64.09 
183	98.68 	-110.93 	8	3	92.65 	118.58 	62.74 
184	115.20 	-134.51 	8	3	1123.04 	1136.02 	48.99 
185	89.14 	-139.47 	8	2	592.42 	620.17 	48.19 
186	120.42 	-131.26 	8	1	898.44 	926.19 	64.10 
187	104.68 	-94.05 	8	5	876.34 	891.87 	64.19 
188	128.20 	-125.62 	8	3	335.76 	361.63 	49.25 
189	105.45 	-92.42 	8	2	739.07 	767.16 	53.67 
190	90.58 	-105.42 	8	4	701.71 	722.74 	60.94 
191	126.22 	-131.45 	8	1	977.32 	992.34 	62.44 
192	122.60 	-107.04 	8	2	373.19 	399.79 	62.36 
193	100.49 	-136.07 	8	1	56.65 	90.83 	49.64 
194	82.46 	-103.88 	8	4	517.21 	548.63 	52.42 
195	116.44 	-83.14 	8	2	737.37 	757.60 	52.55 
196	93.40 	-80.06 	8	1	781.74 	802.70 	55.65 
197	124.09 	-80.78 	8	2	315.05 	333.01 	53.81 
198	115.29 	-80.99 	8	3	56.94 	85.20 	64.84 
199	84.30 	-110.63 	8	2	576.98 	600.03 	52.85 
200	127.67 	-103.64 	8	4	521.93 	552.71 	51.39 
