200           32              24              8               8             216


1	1	2	0	1200	400	600	30
2	1	2	0	1200	400	600	30
3	1	3	0	1200	400	600	30
4	2	2	0	1200	400	600	30
5	2	2	0	1200	400	600	30
6	2	3	0	1200	400	600	30
7	3	1	0	1200	400	600	30
8	3	2	0	1200	400	600	30
9	3	3	0	1200	400	600	30
10	4	2	0	1200	400	600	30
11	4	2	0	1200	400	600	30
12	4	3	0	1200	400	600	30
13	5	2	0	1200	400	600	30
14	5	2	0	1200	400	600	30
15	5	3	0	1200	400	600	30
16	6	1	0	1200	400	600	30
17	6	2	0	1200	400	600	30
18	6	3	0	1200	400	600	30
19	7	2	0	1200	400	600	30
20	7	2	0	1200	400	600	30
21	7	3	0	1200	400	600	30
22	8	2	0	1200	400	600	30
23	8	2	0	1200	400	600	30
24	8	3	0	1200	400	600	30
25	0	5	0	1200	400	600	30
26	0	5	0	1200	400	600	30
27	0	5	0	1200	400	600	30
28	0	5	0	1200	400	600	30
29	0	5	0	1200	400	600	30
30	0	5	0	1200	400	600	30
31	0	5	0	1200	400	600	30
32	0	5	0	1200	400	600	30


1              -110 	110         1              
2              -110 	110         1             
3                0 	110         2              
4                0 	110         2             
5               110          110         3              
6               110          110         3             
7              -110            0          4              
8              -110            0          4             
9               110 	   0         5              
10             110 	   0         5             
11            -110 	-110         6              
12            -110 	-110         6             
13               0          -110         7              
14               0          -110         7            
15              110       -110          8              
16              110       -110          8             


1	-95.06 	112.19 	1	5	759.59 	823.99 	60.75 
2	-99.96 	102.32 	1	3	306.75 	370.47 	63.29 
3	-102.23 	83.49 	1	1	88.17 	134.47 	50.81 
4	-124.45 	89.46 	1	2	1147.71 	1196.71 	48.42 
5	-85.60 	130.84 	1	1	207.74 	257.34 	50.35 
6	-105.93 	137.48 	1	2	577.70 	629.92 	64.01 
7	-109.65 	89.01 	1	2	467.61 	523.12 	46.18 
8	-132.24 	124.74 	1	1	405.84 	463.76 	55.68 
9	-114.86 	125.57 	1	3	1117.67 	1164.42 	61.47 
10	-107.46 	110.49 	1	1	247.76 	297.24 	50.48 
11	-105.51 	107.69 	1	5	132.07 	187.43 	64.46 
12	-112.69 	96.65 	1	3	520.39 	581.10 	56.04 
13	-111.66 	93.92 	1	1	496.41 	545.22 	60.60 
14	-124.40 	134.68 	1	2	939.55 	995.26 	52.41 
15	-88.39 	124.97 	1	1	1105.71 	1161.28 	46.46 
16	-91.09 	129.30 	1	4	969.28 	1021.74 	46.20 
17	-112.68 	117.40 	1	2	709.38 	754.99 	46.36 
18	-125.74 	127.23 	1	5	526.47 	581.57 	64.39 
19	-81.56 	97.40 	1	3	254.70 	313.40 	58.97 
20	-94.03 	111.27 	1	5	1146.02 	1200.89 	62.55 
21	-110.02 	98.62 	1	2	315.64 	369.07 	57.38 
22	-120.40 	139.84 	1	3	1162.36 	1218.48 	59.89 
23	-109.24 	81.66 	1	1	909.57 	973.25 	47.05 
24	-105.63 	115.88 	1	5	1135.17 	1184.04 	61.17 
25	-123.29 	121.09 	1	3	577.48 	635.95 	51.07 
26	23.83 	91.84 	2	3	268.32 	330.85 	61.69 
27	-21.31 	101.72 	2	5	913.63 	958.89 	60.21 
28	-10.65 	88.87 	2	5	95.36 	146.73 	47.52 
29	-28.98 	132.76 	2	3	838.50 	897.14 	47.05 
30	17.59 	132.11 	2	1	509.17 	564.73 	46.42 
31	7.38 	93.43 	2	5	755.39 	801.31 	55.72 
32	12.22 	103.76 	2	2	144.04 	190.40 	57.13 
33	-28.52 	116.49 	2	2	598.80 	651.90 	58.12 
34	26.89 	91.40 	2	1	637.20 	696.85 	49.50 
35	-20.64 	114.43 	2	2	157.89 	222.57 	46.27 
36	4.12 	87.44 	2	3	383.16 	426.88 	49.07 
37	14.26 	137.10 	2	5	332.39 	386.24 	56.42 
38	-24.39 	100.44 	2	1	482.03 	542.51 	52.24 
39	-8.62 	126.31 	2	1	791.83 	857.55 	61.32 
40	-15.62 	114.49 	2	4	153.61 	207.43 	61.95 
41	-24.42 	120.43 	2	2	862.37 	911.69 	51.13 
42	12.62 	131.85 	2	3	35.43 	94.81 	46.15 
43	-29.57 	106.42 	2	1	203.66 	257.01 	55.11 
44	25.07 	99.89 	2	1	508.29 	553.87 	63.10 
45	21.13 	86.94 	2	3	355.67 	412.54 	57.36 
46	-11.05 	87.78 	2	2	1149.48 	1199.19 	58.03 
47	-24.64 	80.89 	2	2	425.12 	483.45 	57.68 
48	0.74 	122.66 	2	1	510.30 	563.63 	53.95 
49	2.38 	88.89 	2	3	865.98 	925.61 	55.85 
50	26.06 	111.48 	2	5	308.09 	359.34 	53.38 
51	104.57 	89.48 	3	1	1160.15 	1210.16 	51.74 
52	107.55 	117.18 	3	3	797.07 	854.63 	59.80 
53	129.26 	91.94 	3	1	315.02 	371.07 	62.95 
54	86.72 	83.99 	3	5	704.47 	752.84 	62.40 
55	86.76 	102.07 	3	3	492.01 	548.31 	61.50 
56	108.82 	88.53 	3	5	947.54 	1004.39 	53.40 
57	83.60 	80.95 	3	4	932.29 	986.54 	48.72 
58	135.49 	133.12 	3	2	838.94 	893.84 	52.19 
59	120.65 	131.98 	3	3	712.81 	771.47 	60.41 
60	98.12 	133.94 	3	2	862.12 	918.73 	50.13 
61	117.88 	100.19 	3	2	327.82 	396.09 	64.29 
62	86.64 	84.31 	3	3	1102.93 	1159.63 	52.89 
63	88.51 	88.38 	3	1	185.81 	231.37 	55.88 
64	84.22 	82.45 	3	1	459.55 	513.81 	58.09 
65	109.14 	83.65 	3	2	241.67 	288.55 	47.59 
66	81.65 	114.97 	3	1	545.12 	604.97 	55.78 
67	96.93 	96.36 	3	3	109.20 	155.24 	57.48 
68	126.41 	124.77 	3	5	855.08 	901.84 	52.38 
69	103.76 	134.46 	3	5	785.91 	847.14 	62.74 
70	82.89 	131.02 	3	5	372.61 	430.00 	50.12 
71	123.32 	132.86 	3	1	594.42 	648.84 	63.43 
72	117.98 	109.07 	3	2	844.26 	890.56 	54.42 
73	128.16 	139.84 	3	3	926.04 	985.04 	52.21 
74	118.82 	81.14 	3	2	731.44 	787.62 	52.29 
75	86.94 	112.31 	3	1	374.77 	429.25 	56.88 
76	-119.70 	27.61 	4	2	1060.83 	1112.67 	48.14 
77	-98.47 	17.13 	4	5	289.16 	351.20 	51.73 
78	-114.20 	7.12 	4	5	244.97 	306.10 	47.19 
79	-81.40 	3.93 	4	2	84.39 	142.64 	50.79 
80	-130.01 	22.73 	4	1	649.97 	698.06 	48.25 
81	-137.17 	23.53 	4	2	217.82 	270.05 	50.16 
82	-137.61 	13.45 	4	1	973.87 	1030.99 	53.59 
83	-97.17 	17.17 	4	1	1084.95 	1153.65 	53.47 
84	-130.50 	-10.21 	4	5	251.32 	307.80 	49.59 
85	-115.21 	-7.29 	4	1	732.90 	789.35 	61.83 
86	-137.09 	8.07 	4	3	161.38 	202.53 	63.05 
87	-132.94 	-20.35 	4	2	270.36 	316.59 	48.56 
88	-109.73 	-20.06 	4	4	1169.28 	1216.57 	49.76 
89	-110.24 	-22.43 	4	3	677.74 	731.53 	59.96 
90	-87.84 	8.76 	4	3	671.73 	730.28 	55.29 
91	-117.16 	23.35 	4	1	864.95 	917.50 	46.66 
92	-138.51 	-5.20 	4	1	1009.14 	1066.72 	47.36 
93	-137.48 	27.75 	4	1	177.64 	237.21 	62.48 
94	-110.81 	13.38 	4	5	927.09 	980.64 	46.63 
95	-100.32 	19.29 	4	3	185.94 	255.94 	51.04 
96	-116.09 	19.66 	4	2	835.80 	877.11 	51.14 
97	-125.72 	-24.49 	4	3	594.04 	642.25 	56.20 
98	-89.53 	9.31 	4	5	618.54 	686.93 	52.50 
99	-110.57 	2.88 	4	2	1079.57 	1135.79 	52.63 
100	-80.27 	16.09 	4	3	852.17 	909.22 	52.44 
101	112.94 	19.26 	5	3	675.38 	721.68 	54.93 
102	135.05 	27.50 	5	2	1065.73 	1115.60 	59.75 
103	94.99 	-13.45 	5	5	126.85 	189.07 	46.02 
104	129.21 	14.98 	5	2	161.02 	216.99 	54.16 
105	91.53 	-20.42 	5	3	167.96 	216.52 	50.17 
106	108.85 	-27.18 	5	1	198.64 	256.57 	54.64 
107	100.12 	-9.23 	5	5	304.60 	357.23 	62.41 
108	133.60 	-7.88 	5	3	165.42 	211.36 	48.49 
109	127.55 	0.07 	5	1	768.12 	818.37 	54.46 
110	104.99 	16.16 	5	2	890.17 	942.84 	59.39 
111	86.30 	-3.90 	5	1	924.45 	980.67 	57.53 
112	97.05 	1.80 	5	2	708.70 	771.63 	58.11 
113	108.27 	-22.69 	5	3	872.53 	928.80 	46.82 
114	90.17 	1.02 	5	1	827.82 	886.22 	64.39 
115	113.39 	27.17 	5	2	316.62 	374.43 	57.30 
116	109.99 	-0.63 	5	3	403.35 	456.51 	51.04 
117	134.69 	23.78 	5	1	100.28 	146.32 	50.03 
118	130.05 	-19.85 	5	4	193.65 	258.71 	61.79 
119	132.26 	-19.02 	5	5	321.73 	375.55 	53.04 
120	131.40 	19.47 	5	1	570.27 	631.07 	59.04 
121	126.30 	-3.07 	5	5	524.49 	580.43 	45.03 
122	107.78 	7.25 	5	1	863.78 	921.33 	60.02 
123	115.56 	-14.22 	5	3	927.86 	981.97 	48.90 
124	105.35 	3.41 	5	2	1096.41 	1142.07 	63.65 
125	101.55 	6.63 	5	5	477.66 	540.72 	54.59 
126	-84.28 	-128.92 	6	5	185.62 	245.31 	49.98 
127	-109.61 	-121.66 	6	1	1021.43 	1065.39 	55.85 
128	-93.91 	-93.02 	6	5	692.44 	748.83 	49.92 
129	-106.97 	-133.48 	6	2	225.83 	280.80 	56.87 
130	-117.19 	-102.26 	6	1	44.97 	111.64 	53.92 
131	-114.53 	-122.01 	6	2	878.69 	932.53 	57.84 
132	-115.73 	-110.46 	6	3	1134.21 	1197.72 	53.78 
133	-80.17 	-120.81 	6	3	963.16 	1018.07 	60.51 
134	-137.99 	-137.13 	6	5	912.78 	969.64 	57.77 
135	-91.65 	-112.76 	6	5	188.79 	244.25 	55.21 
136	-101.01 	-127.78 	6	1	162.96 	211.87 	64.47 
137	-100.49 	-112.19 	6	4	320.17 	371.45 	59.38 
138	-124.28 	-97.91 	6	1	275.60 	324.91 	49.53 
139	-80.88 	-119.06 	6	3	1091.97 	1142.39 	56.21 
140	-91.33 	-107.98 	6	2	802.26 	853.79 	57.15 
141	-84.75 	-101.24 	6	2	395.62 	444.94 	55.19 
142	-93.38 	-115.84 	6	5	50.83 	102.12 	52.77 
143	-129.51 	-107.22 	6	1	1035.61 	1087.17 	55.51 
144	-125.64 	-120.94 	6	2	1067.88 	1119.24 	49.99 
145	-107.82 	-118.04 	6	1	90.26 	141.49 	57.75 
146	-86.71 	-120.35 	6	2	826.16 	876.42 	54.29 
147	-111.06 	-109.81 	6	1	1153.12 	1208.54 	62.79 
148	-125.38 	-132.88 	6	3	582.03 	626.46 	49.00 
149	-105.10 	-117.95 	6	3	768.97 	827.55 	55.25 
150	-86.36 	-100.73 	6	3	1065.04 	1119.49 	50.64 
151	-0.01 	-96.59 	7	2	595.90 	657.90 	60.58 
152	5.84 	-107.91 	7	2	726.75 	780.22 	47.21 
153	18.18 	-98.85 	7	3	586.12 	652.38 	53.62 
154	-15.98 	-113.01 	7	3	87.87 	139.45 	63.55 
155	-14.42 	-113.51 	7	1	356.58 	422.76 	59.85 
156	-26.99 	-109.95 	7	2	142.51 	194.13 	46.66 
157	7.12 	-115.70 	7	1	1066.01 	1121.60 	45.30 
158	-15.17 	-104.90 	7	1	1134.70 	1185.99 	64.38 
159	10.59 	-113.26 	7	5	275.62 	338.19 	59.50 
160	25.06 	-106.74 	7	4	1155.65 	1201.90 	46.96 
161	-20.87 	-100.14 	7	1	841.04 	896.44 	64.55 
162	16.08 	-111.94 	7	2	529.24 	585.05 	56.32 
163	-19.25 	-139.44 	7	1	63.94 	134.70 	52.27 
164	-4.02 	-134.50 	7	2	1109.54 	1167.24 	50.64 
165	-1.08 	-119.14 	7	5	1064.76 	1112.20 	62.88 
166	-28.15 	-131.19 	7	5	688.56 	738.61 	61.18 
167	-25.44 	-98.60 	7	3	600.40 	663.39 	48.48 
168	-21.60 	-135.46 	7	2	401.36 	453.17 	49.07 
169	-10.50 	-124.34 	7	3	537.43 	586.36 	63.66 
170	-9.67 	-137.11 	7	5	28.66 	78.58 	53.29 
171	-9.00 	-104.59 	7	5	109.73 	162.35 	47.56 
172	18.67 	-131.97 	7	4	719.53 	776.08 	55.64 
173	-9.82 	-112.02 	7	1	97.74 	156.92 	46.83 
174	3.37 	-98.81 	7	3	336.50 	399.25 	64.77 
175	27.86 	-136.39 	7	3	922.63 	977.94 	49.13 
176	138.27 	-128.97 	8	2	380.23 	433.37 	63.89 
177	100.13 	-134.31 	8	2	931.11 	984.28 	52.64 
178	132.79 	-138.89 	8	1	1168.50 	1217.08 	59.32 
179	112.03 	-134.23 	8	5	793.15 	840.48 	59.45 
180	126.17 	-137.65 	8	1	534.34 	590.24 	47.93 
181	96.61 	-117.01 	8	1	74.09 	124.61 	47.07 
182	126.24 	-93.16 	8	3	959.15 	1020.84 	56.79 
183	136.18 	-115.94 	8	1	1094.04 	1141.43 	57.36 
184	98.00 	-107.89 	8	2	457.81 	508.79 	60.69 
185	103.45 	-130.19 	8	1	587.18 	645.76 	53.21 
186	112.53 	-115.84 	8	2	917.32 	973.42 	58.14 
187	89.94 	-121.21 	8	5	883.94 	946.37 	59.19 
188	105.63 	-96.78 	8	3	459.51 	512.60 	53.97 
189	129.38 	-102.40 	8	5	1101.16 	1167.24 	60.72 
190	115.65 	-100.29 	8	3	1084.73 	1136.50 	63.83 
191	135.83 	-128.62 	8	2	980.51 	1038.06 	50.88 
192	99.06 	-91.01 	8	3	177.00 	232.36 	48.91 
193	112.87 	-94.16 	8	2	776.52 	824.07 	62.07 
194	108.05 	-96.00 	8	4	40.95 	90.59 	46.54 
195	109.71 	-121.44 	8	1	266.63 	321.73 	58.16 
196	88.76 	-115.07 	8	3	505.46 	554.45 	51.13 
197	124.71 	-113.72 	8	4	305.27 	366.02 	47.19 
198	100.30 	-95.94 	8	5	120.23 	176.89 	52.51 
199	139.65 	-127.44 	8	3	787.33 	843.69 	63.72 
200	122.83 	-117.93 	8	5	1014.26 	1078.31 	49.83 
