12           3           2         1          2         16


1	1	2	0	1200	400	600	30
2	2	2	0	1200	400	600	30
3	0	5	0	1200	400	600	30

1	33 	-33 	1	
2	33 	-33 	1	
3	-33 	33 	2	
4	-33	33 	2	

1	41.29 	-9.45 	1	4	482.20 	542.30 	51.30 
2	8.09 	-61.45 	1	2	424.90 	479.37 	52.49 
3	19.80 	-52.00 	1	2	602.30 	652.75 	58.75 
4	46.24 	-0.43 	1	1	511.05 	562.68 	51.93 
5	13.80 	-59.38 	1	1	611.66 	659.82 	52.11 
6	32.01 	-36.54 	1	2	366.79 	410.72 	45.34 
7	-37.97 	59.92 	2	5	170.35 	220.16 	62.54 
8	-25.53 	65.44 	2	4	890.34 	949.63 	48.08 
9	-9.10 	58.49 	2	1	718.56 	764.17 	53.10 
10	-65.58 	10.67 	2	1	586.31 	639.32 	55.81 
11	-50.78 	33.80 	2	2	454.83 	510.53 	52.59 
12	-6.59 	22.69 	2	2	384.81 	443.07 	53.82 



