400           64             48              16               8             416


1	1	1	0	1200	400	600	30
2	1	1	0	1200	400	600	30
3	1	2	0	1200	400	600	30
4	1	2	0	1200	400	600	30
5	1	3	0	1200	400	600	30
6	1	3	0	1200	400	600	30
7	2	1	0	1200	400	600	30
8	2	1	0	1200	400	600	30
9	2	2	0	1200	400	600	30
10	2	2	0	1200	400	600	30
11	2	3	0	1200	400	600	30
12	2	3	0	1200	400	600	30
13	3	1	0	1200	400	600	30
14	3	1	0	1200	400	600	30
15	3	2	0	1200	400	600	30
16	3	2	0	1200	400	600	30
17	3	3	0	1200	400	600	30
18	3	3	0	1200	400	600	30
19	4	1	0	1200	400	600	30
20	4	1	0	1200	400	600	30
21	4	2	0	1200	400	600	30
22	4	2	0	1200	400	600	30
23	4	3	0	1200	400	600	30
24	4	3	0	1200	400	600	30
25	5	1	0	1200	400	600	30
26	5	1	0	1200	400	600	30
27	5	2	0	1200	400	600	30
28	5	2	0	1200	400	600	30
29	5	3	0	1200	400	600	30
30	5	3	0	1200	400	600	30
31	6	1	0	1200	400	600	30
32	6	1	0	1200	400	600	30
33	6	2	0	1200	400	600	30
34	6	2	0	1200	400	600	30
35	6	3	0	1200	400	600	30
36	6	3	0	1200	400	600	30
37	7	1	0	1200	400	600	30
38	7	1	0	1200	400	600	30
39	7	2	0	1200	400	600	30
40	7	2	0	1200	400	600	30
41	7	3	0	1200	400	600	30
42	7	3	0	1200	400	600	30
43	8	1	0	1200	400	600	30
44	8	1	0	1200	400	600	30
45	8	2	0	1200	400	600	30
46	8	2	0	1200	400	600	30
47	8	3	0	1200	400	600	30
48	8	3	0	1200	400	600	30
49	0	5	0	1200	400	600	30
50	0	5	0	1200	400	600	30
51	0	5	0	1200	400	600	30
52	0	5	0	1200	400	600	30
53	0	5	0	1200	400	600	30
54	0	5	0	1200	400	600	30
55	0	5	0	1200	400	600	30
56	0	5	0	1200	400	600	30
57	0	5	0	1200	400	600	30
58	0	5	0	1200	400	600	30
59	0	5	0	1200	400	600	30
60	0	5	0	1200	400	600	30
61	0	5	0	1200	400	600	30
62	0	5	0	1200	400	600	30
63	0	5	0	1200	400	600	30
64	0	5	0	1200	400	600	30


1              -0.65 	-9.86          1             
2              -0.65 	-9.86          1             
3                0.27 	9.61          2              
4                0.27 	9.61          2             
5               17.03 	-0.48          3              
6               17.03 	-0.48          3             
7              0.22 	29.44           4              
8              0.22 	29.44           4             
9               17.31 	19.17          5              
10             17.31 	19.17          5             
11            1.49 	49.14          6              
12            1.49 	49.14         6             
13               17.93 	39.46          7              
14              17.93 	39.46          7            
15              1.66 	68.61           8              
16              1.66 	68.61           8             


1	0.30 	-9.96 	1	3	1150.59 	1179.20 	48.78 
2	0.63 	-9.75 	1	3	125.79 	146.83 	57.74 
3	-3.24 	-11.86 	1	1	700.08 	722.97 	49.64 
4	-0.76 	-13.51 	1	1	212.31 	243.83 	62.20 
5	-2.09 	-5.96 	1	2	874.82 	896.06 	63.77 
6	-0.28 	-7.66 	1	5	750.63 	771.22 	63.31 
7	-2.22 	-7.03 	1	2	1049.33 	1073.71 	48.94 
8	-0.95 	-8.69 	1	2	1084.77 	1107.78 	54.97 
9	-0.58 	-8.98 	1	5	743.09 	768.41 	54.84 
10	-2.96 	-14.37 	1	2	1050.66 	1082.35 	60.86 
11	1.91 	-13.77 	1	5	363.53 	388.78 	45.10 
12	-0.99 	-9.81 	1	1	291.72 	312.00 	61.46 
13	1.62 	-9.03 	1	3	553.09 	580.34 	52.24 
14	1.89 	-13.99 	1	2	760.44 	775.42 	63.28 
15	-1.21 	-9.14 	1	5	763.62 	788.56 	50.93 
16	-0.15 	-6.02 	1	1	636.21 	660.98 	45.24 
17	-0.41 	-9.48 	1	4	940.93 	958.63 	63.29 
18	-0.59 	-9.54 	1	1	205.21 	232.90 	60.86 
19	-1.35 	-1.79 	1	5	895.71 	921.75 	50.19 
20	-0.81 	-5.24 	1	1	838.95 	867.50 	57.66 
21	1.17 	-8.76 	1	3	1191.44 	1204.35 	57.13 
22	-1.01 	-9.09 	1	2	840.51 	862.79 	64.92 
23	3.21 	-13.95 	1	4	855.56 	881.81 	53.66 
24	4.02 	-12.26 	1	1	987.88 	1018.13 	55.15 
25	-2.44 	-7.52 	1	3	1123.54 	1152.28 	57.64 
26	-0.30 	-8.82 	1	3	252.47 	280.87 	58.57 
27	0.46 	-13.71 	1	1	928.90 	944.43 	46.98 
28	-1.07 	-13.81 	1	3	277.78 	301.57 	50.26 
29	0.78 	-11.04 	1	2	819.80 	848.64 	61.89 
30	-2.79 	-16.00 	1	1	772.91 	794.18 	64.34 
31	-4.05 	-14.85 	1	2	618.32 	646.93 	45.61 
32	-0.47 	-15.17 	1	2	649.40 	683.68 	53.33 
33	-2.48 	-9.97 	1	3	898.56 	919.72 	61.87 
34	0.72 	-4.86 	1	2	178.56 	197.69 	60.13 
35	-1.84 	-13.60 	1	2	827.63 	857.24 	62.52 
36	0.58 	-9.09 	1	5	551.48 	588.14 	59.33 
37	1.09 	-9.24 	1	1	324.61 	344.24 	49.06 
38	-0.46 	-5.85 	1	2	797.22 	828.52 	50.01 
39	-1.07 	-9.72 	1	3	924.79 	955.11 	54.49 
40	-1.78 	-10.76 	1	3	930.10 	958.54 	46.30 
41	0.08 	-11.76 	1	3	1161.73 	1192.00 	56.72 
42	-2.91 	-9.39 	1	4	220.60 	252.15 	60.38 
43	-2.69 	-8.96 	1	1	1156.23 	1174.72 	58.90 
44	-1.63 	-3.11 	1	5	1108.00 	1132.11 	55.56 
45	-0.03 	-13.36 	1	5	266.06 	288.32 	58.61 
46	-2.17 	-1.95 	1	4	874.67 	896.26 	46.21 
47	-1.38 	-8.54 	1	1	267.52 	299.20 	61.63 
48	1.40 	-10.46 	1	3	1034.14 	1058.28 	59.18 
49	-3.19 	-11.16 	1	1	358.77 	388.53 	49.74 
50	-0.25 	-10.57 	1	1	1030.33 	1054.52 	62.65 
51	0.50 	12.21 	2	4	569.36 	602.85 	47.08 
52	1.02 	9.88 	2	1	713.90 	733.51 	48.94 
53	-0.16 	9.78 	2	5	155.06 	176.87 	62.54 
54	2.29 	10.65 	2	5	85.63 	114.31 	50.68 
55	-0.45 	11.60 	2	3	595.83 	619.53 	51.03 
56	0.58 	8.45 	2	2	1022.07 	1056.91 	46.82 
57	-2.89 	5.80 	2	2	598.59 	632.17 	56.47 
58	0.59 	12.56 	2	3	809.30 	822.81 	64.47 
59	0.59 	10.58 	2	2	547.55 	569.34 	47.95 
60	-0.92 	9.45 	2	2	753.12 	787.22 	57.26 
61	-1.22 	8.67 	2	1	1140.33 	1166.85 	46.67 
62	-0.20 	10.97 	2	2	629.68 	647.25 	64.42 
63	2.30 	9.92 	2	1	489.52 	518.16 	48.87 
64	-0.55 	8.41 	2	3	521.74 	554.37 	53.72 
65	-0.09 	7.85 	2	1	413.50 	441.49 	62.51 
66	-1.98 	9.74 	2	4	896.30 	919.84 	52.29 
67	-0.76 	10.45 	2	1	636.13 	662.22 	50.37 
68	1.27 	11.30 	2	2	227.37 	258.84 	45.43 
69	2.03 	10.45 	2	5	479.87 	508.10 	54.73 
70	0.40 	12.73 	2	2	536.21 	565.32 	59.66 
71	0.78 	10.79 	2	4	452.86 	478.69 	48.21 
72	1.79 	10.61 	2	1	126.78 	154.41 	55.07 
73	-0.69 	8.61 	2	3	1087.83 	1110.73 	60.56 
74	-0.51 	7.33 	2	4	917.53 	945.60 	57.62 
75	0.32 	7.69 	2	4	468.40 	488.73 	51.33 
76	0.36 	6.39 	2	1	312.29 	336.77 	63.88 
77	1.18 	10.29 	2	3	207.38 	225.67 	61.08 
78	-0.87 	5.87 	2	2	511.42 	518.60 	61.46 
79	-3.22 	5.74 	2	5	1001.05 	1022.13 	53.06 
80	-3.02 	10.27 	2	2	253.60 	282.80 	64.09 
81	2.35 	15.65 	2	2	309.65 	345.64 	62.06 
82	1.55 	7.51 	2	1	230.28 	255.60 	51.49 
83	-0.70 	9.43 	2	3	982.14 	1008.68 	49.95 
84	2.80 	10.21 	2	1	1000.92 	1028.04 	60.33 
85	0.77 	7.09 	2	1	876.71 	910.72 	53.84 
86	-1.71 	8.27 	2	4	92.48 	119.84 	51.75 
87	0.94 	12.46 	2	3	330.99 	355.75 	48.24 
88	-0.50 	7.70 	2	1	974.30 	995.01 	61.32 
89	-1.27 	8.82 	2	4	59.97 	90.12 	53.67 
90	1.13 	12.01 	2	3	876.70 	909.41 	55.42 
91	-1.41 	9.84 	2	1	651.98 	683.49 	45.37 
92	5.28 	13.46 	2	1	747.89 	773.84 	56.84 
93	2.26 	7.96 	2	5	887.10 	921.56 	64.45 
94	2.36 	8.88 	2	2	376.31 	411.27 	47.41 
95	-1.32 	10.51 	2	3	125.73 	151.61 	59.65 
96	3.28 	12.50 	2	3	487.51 	525.00 	46.26 
97	1.42 	11.64 	2	2	155.58 	176.04 	61.02 
98	-1.73 	9.20 	2	1	927.35 	960.51 	60.11 
99	-3.17 	5.59 	2	3	801.17 	813.75 	64.41 
100	2.91 	6.69 	2	3	49.50 	72.04 	60.72 
101	13.69 	3.01 	3	4	78.28 	103.12 	48.86 
102	17.00 	-2.09 	3	1	281.14 	309.14 	45.78 
103	14.06 	0.58 	3	2	762.06 	783.19 	56.94 
104	20.90 	-5.97 	3	3	397.60 	425.57 	50.32 
105	16.34 	3.82 	3	2	1000.07 	1020.11 	45.21 
106	14.68 	2.45 	3	3	690.80 	710.61 	57.82 
107	16.19 	2.14 	3	1	587.08 	615.11 	58.13 
108	17.72 	0.42 	3	1	201.32 	223.95 	49.83 
109	16.20 	-6.16 	3	3	717.23 	748.97 	52.27 
110	17.44 	-0.81 	3	2	741.35 	766.75 	53.53 
111	14.53 	0.62 	3	5	382.89 	400.68 	56.10 
112	16.53 	2.92 	3	3	515.82 	549.24 	58.19 
113	15.06 	1.16 	3	1	231.74 	260.20 	56.25 
114	16.87 	2.15 	3	5	1070.37 	1094.44 	62.50 
115	20.35 	2.00 	3	3	786.39 	813.01 	51.83 
116	14.55 	-6.06 	3	1	788.80 	813.93 	51.53 
117	17.94 	-4.41 	3	2	65.97 	80.23 	53.41 
118	18.14 	0.54 	3	5	886.37 	913.21 	54.89 
119	23.44 	-2.16 	3	2	904.33 	927.04 	46.77 
120	15.70 	-1.08 	3	1	445.44 	477.36 	51.70 
121	21.49 	-5.25 	3	5	924.84 	963.91 	64.22 
122	12.40 	-1.16 	3	5	413.95 	441.76 	52.94 
123	12.25 	-5.83 	3	3	449.57 	485.36 	46.64 
124	16.85 	-5.70 	3	2	670.36 	705.47 	46.47 
125	18.19 	1.22 	3	2	696.19 	719.25 	49.08 
126	18.99 	0.60 	3	2	475.93 	492.27 	59.51 
127	16.92 	1.46 	3	4	283.73 	312.44 	62.05 
128	16.39 	0.65 	3	2	697.82 	718.62 	59.82 
129	17.70 	-5.44 	3	1	133.04 	165.99 	51.68 
130	17.17 	1.83 	3	1	1137.41 	1160.44 	60.93 
131	19.27 	-2.24 	3	3	366.07 	392.25 	63.18 
132	17.89 	-1.19 	3	5	152.07 	162.86 	54.17 
133	20.11 	-0.35 	3	3	252.86 	269.15 	61.25 
134	24.15 	-2.69 	3	1	858.80 	880.73 	45.54 
135	20.80 	-0.57 	3	2	1128.99 	1158.62 	46.97 
136	16.80 	5.15 	3	2	245.87 	275.11 	60.10 
137	17.49 	-4.71 	3	3	894.58 	924.09 	58.80 
138	13.83 	-1.93 	3	2	427.00 	458.28 	63.83 
139	17.02 	-1.83 	3	5	739.20 	768.83 	45.82 
140	15.52 	1.00 	3	3	766.81 	803.28 	47.66 
141	18.63 	2.58 	3	1	38.36 	74.56 	49.83 
142	17.60 	-8.81 	3	1	243.77 	273.11 	48.63 
143	15.54 	1.54 	3	4	336.72 	355.65 	53.77 
144	13.86 	-0.13 	3	5	197.19 	217.92 	55.95 
145	17.81 	5.22 	3	1	161.19 	191.03 	46.89 
146	14.28 	2.78 	3	1	537.23 	561.57 	63.71 
147	15.99 	-0.47 	3	4	746.69 	773.62 	50.28 
148	19.21 	3.46 	3	3	42.76 	68.24 	64.74 
149	14.30 	3.38 	3	3	1103.25 	1126.61 	54.04 
150	15.93 	0.31 	3	1	1069.82 	1087.94 	48.88 
151	-2.13 	31.82 	4	5	893.77 	913.58 	46.11 
152	0.03 	29.14 	4	4	349.33 	374.38 	61.41 
153	3.89 	26.25 	4	5	47.61 	74.22 	64.09 
154	2.72 	32.51 	4	1	582.24 	602.82 	57.26 
155	-0.05 	30.97 	4	2	258.07 	287.47 	54.81 
156	-3.77 	29.45 	4	2	1080.90 	1116.13 	47.28 
157	0.46 	29.46 	4	3	383.01 	409.93 	64.56 
158	1.39 	30.45 	4	1	122.84 	146.46 	62.96 
159	-2.74 	29.36 	4	3	936.65 	964.29 	55.01 
160	-1.44 	29.41 	4	5	461.32 	484.67 	62.84 
161	1.01 	31.81 	4	2	1064.57 	1094.73 	63.74 
162	-1.05 	26.97 	4	4	787.96 	815.38 	55.89 
163	2.20 	27.83 	4	5	108.75 	130.18 	46.52 
164	3.20 	28.94 	4	4	386.26 	411.46 	45.52 
165	2.86 	31.97 	4	2	632.64 	657.43 	63.43 
166	2.99 	30.28 	4	2	395.89 	415.26 	56.09 
167	1.08 	26.61 	4	3	431.65 	464.09 	61.26 
168	3.87 	22.73 	4	3	438.81 	464.98 	47.89 
169	1.91 	29.51 	4	2	59.49 	78.23 	49.75 
170	-2.82 	29.74 	4	1	545.86 	565.33 	62.55 
171	-2.86 	31.29 	4	1	699.46 	720.19 	55.49 
172	5.15 	27.35 	4	3	316.10 	344.84 	53.24 
173	-4.78 	27.79 	4	2	746.36 	780.86 	62.28 
174	1.25 	31.95 	4	4	637.90 	656.50 	47.83 
175	1.90 	28.29 	4	3	678.80 	717.78 	51.23 
176	-1.49 	32.21 	4	1	239.25 	256.10 	58.47 
177	-0.77 	30.30 	4	3	888.08 	922.30 	64.63 
178	-1.48 	29.12 	4	1	582.64 	604.84 	55.34 
179	-0.34 	31.47 	4	2	876.33 	900.84 	58.45 
180	-2.44 	30.64 	4	2	1125.28 	1159.63 	49.06 
181	0.42 	29.71 	4	1	699.73 	722.43 	49.92 
182	0.83 	28.09 	4	1	536.21 	565.29 	49.81 
183	-0.33 	26.79 	4	1	699.84 	729.09 	54.53 
184	-1.82 	27.99 	4	3	360.93 	386.08 	45.31 
185	-0.19 	29.34 	4	1	1157.89 	1182.65 	62.90 
186	0.78 	32.88 	4	2	764.84 	784.42 	54.71 
187	-3.34 	34.60 	4	1	106.11 	135.10 	57.85 
188	0.79 	31.73 	4	1	581.83 	615.10 	51.31 
189	1.20 	26.48 	4	4	1079.30 	1107.84 	55.50 
190	-0.48 	28.26 	4	1	52.57 	82.35 	59.62 
191	-1.76 	31.99 	4	4	946.30 	977.44 	56.81 
192	0.86 	26.25 	4	3	565.09 	598.01 	55.59 
193	0.99 	29.64 	4	3	260.96 	296.97 	50.38 
194	0.59 	29.57 	4	2	42.17 	68.83 	45.62 
195	1.38 	28.56 	4	3	206.38 	228.90 	46.16 
196	0.93 	28.24 	4	5	1169.32 	1198.61 	54.14 
197	3.21 	26.00 	4	2	1175.32 	1207.05 	45.00 
198	1.39 	28.24 	4	4	557.74 	584.53 	60.63 
199	1.33 	33.56 	4	3	927.71 	963.92 	63.66 
200	-3.31 	28.56 	4	1	205.44 	228.36 	49.01 
201	18.90 	25.41 	5	2	327.94 	359.85 	58.55 
202	17.99 	19.60 	5	4	146.42 	162.03 	46.60 
203	21.14 	24.70 	5	2	600.54 	625.00 	53.82 
204	15.53 	19.34 	5	4	166.73 	189.57 	54.85 
205	14.02 	16.05 	5	1	266.49 	292.19 	61.49 
206	15.18 	19.27 	5	2	713.23 	745.09 	57.07 
207	15.93 	17.91 	5	2	802.02 	833.55 	45.44 
208	12.39 	20.10 	5	1	406.67 	427.05 	64.18 
209	18.24 	17.00 	5	1	288.40 	318.18 	50.49 
210	13.38 	18.67 	5	1	797.48 	835.83 	46.60 
211	15.76 	21.03 	5	5	1121.28 	1150.62 	46.19 
212	19.46 	22.48 	5	3	130.50 	160.67 	48.19 
213	9.22 	20.30 	5	5	336.48 	360.27 	49.75 
214	19.15 	19.48 	5	3	288.55 	320.46 	49.91 
215	15.99 	14.53 	5	4	275.75 	302.82 	56.72 
216	18.39 	18.43 	5	2	1016.85 	1045.84 	63.77 
217	21.54 	21.06 	5	2	1033.74 	1053.34 	64.00 
218	20.40 	20.32 	5	2	211.36 	246.94 	53.88 
219	17.16 	19.90 	5	3	938.58 	958.38 	56.97 
220	19.35 	13.71 	5	2	422.66 	449.75 	50.52 
221	18.26 	20.69 	5	2	1013.96 	1044.74 	48.34 
222	17.89 	19.97 	5	3	819.25 	846.00 	63.18 
223	19.68 	17.61 	5	5	111.24 	132.28 	49.18 
224	16.22 	22.82 	5	1	888.67 	911.51 	45.65 
225	15.69 	19.90 	5	4	626.07 	659.16 	63.80 
226	15.75 	18.44 	5	3	269.33 	297.84 	58.00 
227	18.67 	17.01 	5	1	361.88 	382.12 	62.89 
228	17.22 	18.94 	5	3	861.40 	900.16 	57.55 
229	15.61 	20.20 	5	5	471.55 	515.12 	57.74 
230	18.93 	18.07 	5	3	821.97 	847.72 	46.48 
231	19.98 	21.41 	5	2	269.11 	298.73 	54.86 
232	20.32 	19.43 	5	4	346.93 	374.59 	45.37 
233	21.10 	19.02 	5	1	339.73 	376.73 	46.43 
234	15.44 	22.73 	5	1	919.43 	932.92 	46.96 
235	14.21 	17.13 	5	1	1122.09 	1147.64 	55.92 
236	10.40 	19.18 	5	3	591.81 	620.80 	48.40 
237	18.34 	19.34 	5	1	669.70 	697.84 	49.73 
238	20.22 	18.72 	5	2	49.27 	75.22 	61.16 
239	20.13 	18.03 	5	1	156.82 	172.94 	62.91 
240	19.60 	19.33 	5	4	801.05 	830.48 	56.54 
241	12.80 	18.04 	5	5	1056.41 	1069.46 	51.53 
242	19.30 	18.75 	5	3	468.43 	496.79 	49.66 
243	15.06 	18.79 	5	2	67.50 	99.76 	50.42 
244	18.03 	16.74 	5	3	622.55 	641.81 	56.92 
245	15.52 	17.35 	5	1	857.27 	879.18 	45.94 
246	17.09 	22.40 	5	4	965.19 	994.48 	50.39 
247	21.09 	19.33 	5	3	989.11 	1005.20 	58.39 
248	14.06 	17.02 	5	3	545.07 	573.03 	64.51 
249	19.61 	17.11 	5	1	653.03 	682.42 	64.92 
250	20.03 	15.47 	5	4	738.56 	764.33 	60.12 
251	-0.51 	50.65 	6	1	1167.02 	1185.30 	63.49 
252	-1.06 	48.87 	6	4	759.92 	783.56 	54.86 
253	6.75 	47.87 	6	4	1076.69 	1106.27 	57.63 
254	2.74 	50.39 	6	1	196.45 	223.03 	63.80 
255	-0.14 	48.94 	6	5	453.80 	475.39 	52.03 
256	5.90 	45.73 	6	1	937.75 	961.06 	45.01 
257	3.22 	50.40 	6	1	572.06 	603.07 	59.54 
258	-2.01 	47.94 	6	3	259.78 	290.32 	59.37 
259	0.49 	47.77 	6	3	1065.44 	1095.67 	54.19 
260	0.37 	48.76 	6	3	130.10 	155.73 	50.59 
261	-0.72 	43.04 	6	3	767.29 	785.76 	45.40 
262	-1.39 	51.38 	6	3	1148.83 	1178.58 	49.06 
263	2.41 	50.49 	6	1	126.69 	150.01 	47.52 
264	-0.05 	49.59 	6	2	702.73 	722.03 	63.35 
265	1.81 	51.13 	6	1	688.93 	700.30 	48.89 
266	2.86 	52.48 	6	2	916.77 	948.49 	55.01 
267	0.07 	52.19 	6	4	674.15 	705.73 	47.53 
268	0.83 	48.97 	6	4	676.67 	696.56 	46.18 
269	0.78 	47.08 	6	1	134.68 	164.90 	54.07 
270	3.56 	50.53 	6	2	522.55 	552.28 	46.21 
271	-0.42 	46.62 	6	4	842.85 	870.62 	49.87 
272	1.98 	51.33 	6	1	1001.57 	1026.29 	51.77 
273	2.10 	48.98 	6	2	801.50 	820.24 	48.20 
274	3.97 	48.07 	6	3	395.44 	416.25 	64.14 
275	2.84 	50.53 	6	2	1002.17 	1024.64 	59.28 
276	4.23 	49.71 	6	4	417.84 	441.39 	63.78 
277	-1.82 	49.83 	6	2	853.79 	876.80 	58.67 
278	-0.03 	47.61 	6	2	445.96 	460.32 	60.13 
279	4.07 	43.02 	6	4	371.24 	407.70 	46.71 
280	-0.07 	48.59 	6	1	838.61 	869.55 	47.86 
281	1.35 	50.38 	6	4	654.34 	674.29 	55.22 
282	2.18 	49.72 	6	1	788.34 	804.17 	47.94 
283	2.60 	47.29 	6	5	319.97 	339.27 	58.66 
284	-2.19 	52.92 	6	2	120.98 	140.33 	50.79 
285	-0.16 	50.05 	6	3	572.27 	603.40 	58.09 
286	1.06 	51.24 	6	4	677.81 	693.63 	52.80 
287	4.28 	49.62 	6	3	332.40 	355.49 	58.25 
288	2.28 	49.99 	6	3	1157.15 	1177.66 	51.17 
289	0.16 	43.75 	6	1	488.23 	506.31 	46.66 
290	2.09 	51.01 	6	1	1102.48 	1128.58 	54.17 
291	1.02 	45.07 	6	2	500.23 	523.13 	45.22 
292	-2.33 	52.22 	6	4	761.51 	789.19 	47.01 
293	4.55 	54.81 	6	2	533.21 	559.83 	56.72 
294	0.69 	52.23 	6	2	300.21 	326.40 	58.33 
295	2.64 	47.79 	6	2	891.48 	913.94 	46.85 
296	-0.97 	43.11 	6	1	1179.99 	1210.13 	55.26 
297	-0.26 	48.89 	6	3	168.02 	185.48 	56.75 
298	9.55 	51.16 	6	4	829.31 	851.72 	49.97 
299	2.85 	50.22 	6	3	811.08 	844.27 	63.36 
300	0.26 	46.99 	6	3	959.28 	985.80 	64.44 
301	18.29 	42.38 	7	3	385.55 	396.39 	46.81 
302	20.36 	38.30 	7	3	320.55 	347.67 	48.49 
303	17.77 	36.60 	7	2	1179.94 	1195.52 	63.37 
304	14.94 	38.64 	7	4	136.63 	157.86 	56.93 
305	16.03 	35.18 	7	3	511.38 	556.38 	59.44 
306	15.26 	39.98 	7	1	408.67 	443.75 	51.79 
307	17.55 	41.85 	7	1	380.50 	407.08 	45.42 
308	16.91 	37.03 	7	2	1028.53 	1058.46 	53.73 
309	17.64 	40.32 	7	4	147.61 	171.15 	57.89 
310	17.87 	42.88 	7	2	434.55 	461.52 	54.63 
311	20.18 	38.46 	7	1	87.11 	106.87 	60.11 
312	21.30 	42.17 	7	3	413.71 	437.07 	59.86 
313	17.62 	39.72 	7	5	388.13 	423.52 	53.91 
314	20.18 	38.53 	7	2	999.03 	1014.60 	45.17 
315	15.52 	42.14 	7	4	760.19 	792.71 	59.69 
316	15.43 	39.95 	7	3	864.81 	889.90 	51.61 
317	15.23 	39.17 	7	3	537.63 	558.90 	59.10 
318	20.86 	41.15 	7	3	258.68 	278.28 	56.03 
319	18.94 	34.94 	7	4	842.32 	869.22 	58.24 
320	18.94 	40.23 	7	3	941.74 	965.56 	51.95 
321	20.77 	37.78 	7	4	578.18 	602.66 	58.69 
322	15.51 	43.60 	7	5	48.12 	79.21 	61.92 
323	14.34 	38.95 	7	2	375.73 	394.77 	45.60 
324	21.25 	35.46 	7	3	344.54 	372.06 	54.23 
325	15.70 	38.81 	7	5	475.00 	496.83 	52.07 
326	12.55 	36.90 	7	2	747.48 	774.85 	59.27 
327	16.64 	36.44 	7	2	741.12 	760.72 	56.68 
328	16.59 	38.36 	7	3	119.66 	137.93 	51.40 
329	17.39 	37.63 	7	1	787.11 	820.23 	59.74 
330	16.44 	38.52 	7	3	963.08 	986.27 	54.53 
331	17.06 	40.51 	7	5	389.87 	419.47 	52.82 
332	23.24 	34.41 	7	1	812.18 	836.05 	61.00 
333	18.67 	40.16 	7	4	50.79 	74.29 	51.96 
334	19.07 	40.30 	7	1	275.94 	299.29 	54.97 
335	18.66 	39.92 	7	3	137.79 	171.66 	58.02 
336	17.32 	40.33 	7	1	669.38 	691.80 	49.72 
337	18.37 	42.18 	7	5	467.47 	486.24 	53.20 
338	20.66 	41.43 	7	1	873.33 	898.57 	55.03 
339	15.65 	41.12 	7	2	636.87 	673.66 	55.87 
340	17.51 	36.44 	7	2	1168.49 	1193.04 	53.58 
341	15.72 	38.22 	7	2	1136.89 	1155.57 	60.16 
342	15.07 	44.82 	7	1	160.49 	176.39 	45.01 
343	17.36 	39.00 	7	1	1144.80 	1172.25 	59.68 
344	17.00 	39.27 	7	4	827.82 	859.09 	52.82 
345	24.00 	40.82 	7	4	337.64 	357.30 	47.21 
346	18.42 	42.26 	7	2	672.28 	702.99 	59.83 
347	19.06 	40.03 	7	1	266.38 	297.25 	47.92 
348	17.80 	38.78 	7	2	1002.46 	1032.23 	47.35 
349	20.39 	41.38 	7	1	716.76 	753.36 	53.53 
350	21.41 	39.59 	7	1	319.63 	350.77 	49.08 
351	2.26 	68.34 	8	5	441.07 	465.71 	61.89 
352	-4.12 	60.57 	8	3	658.20 	689.00 	50.37 
353	0.99 	70.74 	8	1	42.99 	77.58 	64.78 
354	2.08 	65.68 	8	1	530.33 	558.70 	56.61 
355	1.84 	72.82 	8	1	581.64 	603.36 	61.49 
356	6.77 	73.12 	8	2	680.45 	709.61 	50.05 
357	-1.53 	63.62 	8	3	341.03 	361.02 	56.43 
358	0.90 	67.99 	8	4	291.66 	326.19 	64.45 
359	0.02 	70.30 	8	2	223.53 	250.56 	56.28 
360	1.80 	72.64 	8	2	1150.94 	1176.64 	47.41 
361	7.15 	71.87 	8	3	935.39 	954.49 	53.48 
362	1.96 	69.99 	8	4	119.52 	146.57 	63.93 
363	7.47 	73.21 	8	3	1149.92 	1179.47 	56.50 
364	2.66 	67.88 	8	1	523.12 	534.72 	53.96 
365	2.10 	66.28 	8	4	1103.08 	1126.11 	46.43 
366	-2.00 	66.40 	8	1	846.97 	878.00 	52.57 
367	6.55 	71.79 	8	3	210.89 	237.72 	55.26 
368	4.50 	73.27 	8	4	983.53 	1005.97 	60.75 
369	4.38 	66.75 	8	1	583.89 	619.89 	46.46 
370	2.51 	72.22 	8	1	845.86 	866.61 	63.91 
371	-2.28 	64.29 	8	2	1118.46 	1142.17 	50.60 
372	-2.10 	66.62 	8	1	410.53 	443.04 	50.25 
373	2.57 	66.21 	8	4	988.33 	1010.36 	46.18 
374	6.70 	70.54 	8	4	739.33 	775.23 	50.84 
375	1.75 	67.55 	8	2	190.94 	210.66 	63.18 
376	-3.22 	71.16 	8	2	1125.98 	1156.09 	52.74 
377	1.77 	72.95 	8	2	620.53 	654.19 	53.24 
378	6.61 	72.73 	8	4	399.97 	421.12 	64.04 
379	2.76 	68.21 	8	2	681.01 	710.42 	54.40 
380	-1.84 	64.63 	8	1	972.70 	1005.04 	49.18 
381	0.59 	71.60 	8	1	960.35 	980.39 	64.62 
382	-0.23 	62.76 	8	3	87.69 	126.77 	51.45 
383	2.62 	68.04 	8	5	909.75 	930.14 	52.38 
384	5.49 	71.58 	8	2	584.50 	619.05 	54.98 
385	1.56 	70.45 	8	2	178.53 	207.34 	63.41 
386	-1.69 	62.97 	8	3	1170.37 	1194.50 	47.76 
387	2.26 	68.52 	8	1	949.23 	968.67 	61.92 
388	-0.96 	65.55 	8	3	1151.38 	1177.43 	48.60 
389	0.73 	68.34 	8	3	726.83 	752.32 	59.99 
390	3.70 	71.35 	8	2	700.01 	726.61 	50.04 
391	0.03 	66.00 	8	1	939.52 	961.26 	46.66 
392	3.39 	73.08 	8	4	1011.92 	1035.79 	53.57 
393	2.32 	69.18 	8	3	761.32 	788.79 	48.72 
394	2.07 	68.51 	8	2	1149.85 	1182.45 	45.99 
395	5.75 	71.02 	8	1	574.87 	599.59 	48.30 
396	-1.02 	63.00 	8	3	64.03 	86.27 	60.68 
397	-4.37 	65.00 	8	3	708.85 	733.80 	45.32 
398	-1.58 	65.37 	8	4	146.65 	167.59 	46.08 
399	-0.07 	65.95 	8	4	564.88 	585.16 	45.35 
400	1.57 	71.80 	8	4	451.55 	456.37 	50.95 
