400           64             48              16               8             416


1	1	1	0	1200	400	600	30
2	1	1	0	1200	400	600	30
3	1	2	0	1200	400	600	30
4	1	2	0	1200	400	600	30
5	1	3	0	1200	400	600	30
6	1	3	0	1200	400	600	30
7	2	1	0	1200	400	600	30
8	2	1	0	1200	400	600	30
9	2	2	0	1200	400	600	30
10	2	2	0	1200	400	600	30
11	2	3	0	1200	400	600	30
12	2	3	0	1200	400	600	30
13	3	1	0	1200	400	600	30
14	3	1	0	1200	400	600	30
15	3	2	0	1200	400	600	30
16	3	2	0	1200	400	600	30
17	3	3	0	1200	400	600	30
18	3	3	0	1200	400	600	30
19	4	1	0	1200	400	600	30
20	4	1	0	1200	400	600	30
21	4	2	0	1200	400	600	30
22	4	2	0	1200	400	600	30
23	4	3	0	1200	400	600	30
24	4	3	0	1200	400	600	30
25	5	1	0	1200	400	600	30
26	5	1	0	1200	400	600	30
27	5	2	0	1200	400	600	30
28	5	2	0	1200	400	600	30
29	5	3	0	1200	400	600	30
30	5	3	0	1200	400	600	30
31	6	1	0	1200	400	600	30
32	6	1	0	1200	400	600	30
33	6	2	0	1200	400	600	30
34	6	2	0	1200	400	600	30
35	6	3	0	1200	400	600	30
36	6	3	0	1200	400	600	30
37	7	1	0	1200	400	600	30
38	7	1	0	1200	400	600	30
39	7	2	0	1200	400	600	30
40	7	2	0	1200	400	600	30
41	7	3	0	1200	400	600	30
42	7	3	0	1200	400	600	30
43	8	1	0	1200	400	600	30
44	8	1	0	1200	400	600	30
45	8	2	0	1200	400	600	30
46	8	2	0	1200	400	600	30
47	8	3	0	1200	400	600	30
48	8	3	0	1200	400	600	30
49	0	5	0	1200	400	600	30
50	0	5	0	1200	400	600	30
51	0	5	0	1200	400	600	30
52	0	5	0	1200	400	600	30
53	0	5	0	1200	400	600	30
54	0	5	0	1200	400	600	30
55	0	5	0	1200	400	600	30
56	0	5	0	1200	400	600	30
57	0	5	0	1200	400	600	30
58	0	5	0	1200	400	600	30
59	0	5	0	1200	400	600	30
60	0	5	0	1200	400	600	30
61	0	5	0	1200	400	600	30
62	0	5	0	1200	400	600	30
63	0	5	0	1200	400	600	30
64	0	5	0	1200	400	600	30


1              -9.14 	-0.09          1              
2              -9.14 	-0.09          1             
3                9.22 	0.54          2              
4                9.22 	0.54          2            
5               0.48 	-15.92          3              
6               0.48 	-15.92          3             
7              27.09 	1.35           4              
8              27.09 	1.35           4             
9               18.92 	-14.67         5              
10             18.92 	-14.67          5             
11            45.15 	2.20          6              
12            45.15 	2.20         6             
13               37.26 	-14.00          7             
14               37.26 	-14.00          7            
15              63.37 	2.96           8              
16              63.37 	2.96          8             


1	-7.66 	-1.05 	1	2	984.48 	1035.86 	53.30 
2	-8.90 	-1.08 	1	1	182.96 	237.28 	58.24 
3	-13.82 	0.92 	1	4	299.84 	350.75 	45.83 
4	-9.80 	2.46 	1	2	399.32 	448.90 	55.63 
5	-10.26 	-2.75 	1	4	514.35 	566.06 	47.41 
6	-5.42 	-3.55 	1	3	943.33 	991.87 	53.10 
7	-4.62 	0.40 	1	3	941.10 	987.09 	50.04 
8	-11.34 	5.10 	1	4	330.76 	380.91 	62.83 
9	-12.12 	-0.97 	1	3	486.60 	542.22 	45.26 
10	-7.74 	2.71 	1	3	441.62 	493.92 	53.07 
11	-8.39 	-2.96 	1	2	1098.32 	1155.67 	59.11 
12	-8.98 	1.79 	1	3	759.73 	810.57 	56.26 
13	-9.01 	-1.38 	1	5	1001.30 	1044.78 	57.39 
14	-7.72 	-0.95 	1	1	756.66 	806.87 	50.94 
15	-7.19 	-0.72 	1	3	108.57 	161.56 	54.21 
16	-9.49 	-2.64 	1	5	1081.32 	1136.68 	61.79 
17	-6.82 	0.35 	1	1	494.73 	546.77 	52.98 
18	-9.92 	-0.20 	1	5	636.46 	693.32 	58.55 
19	-10.34 	2.74 	1	4	371.48 	421.92 	53.99 
20	-12.80 	3.78 	1	1	1090.12 	1146.16 	55.87 
21	-11.28 	-2.19 	1	1	486.89 	542.10 	60.20 
22	-13.77 	0.65 	1	2	1040.62 	1089.72 	59.19 
23	-7.89 	-4.53 	1	2	571.68 	620.10 	60.08 
24	-8.69 	4.00 	1	1	632.88 	691.16 	60.79 
25	-6.10 	-2.19 	1	2	345.33 	398.76 	51.52 
26	-11.96 	-3.68 	1	5	715.73 	780.91 	50.45 
27	-11.11 	-1.20 	1	2	184.47 	230.94 	50.85 
28	-9.21 	0.28 	1	1	933.01 	1001.51 	48.83 
29	-13.51 	3.27 	1	3	714.00 	762.91 	53.94 
30	-9.61 	-0.99 	1	4	826.18 	885.48 	64.36 
31	-5.52 	3.62 	1	1	920.01 	987.88 	55.61 
32	-7.07 	0.93 	1	1	989.21 	1040.83 	52.39 
33	-8.69 	-0.16 	1	2	450.33 	504.93 	52.12 
34	-4.72 	0.07 	1	2	37.88 	94.08 	53.43 
35	-9.76 	3.89 	1	2	1088.73 	1140.98 	62.61 
36	-7.56 	-2.16 	1	3	509.69 	566.82 	54.84 
37	-8.29 	0.21 	1	3	368.30 	420.29 	64.60 
38	-10.43 	-0.43 	1	1	558.60 	614.11 	59.58 
39	-8.98 	-1.37 	1	1	659.81 	718.97 	49.26 
40	-10.04 	-0.37 	1	2	428.02 	477.35 	48.51 
41	-7.32 	-2.09 	1	1	1115.38 	1165.06 	49.36 
42	-4.80 	6.86 	1	1	668.92 	718.24 	50.38 
43	-7.74 	-1.00 	1	3	910.92 	955.34 	64.57 
44	-12.07 	1.46 	1	2	919.67 	973.59 	61.26 
45	-9.07 	-2.75 	1	3	681.98 	728.15 	45.45 
46	-7.04 	-0.96 	1	1	1072.95 	1119.80 	58.71 
47	-6.85 	2.76 	1	3	919.32 	975.67 	50.58 
48	-11.64 	-0.29 	1	4	661.27 	725.60 	55.25 
49	-9.10 	-5.20 	1	4	500.93 	557.43 	60.27 
50	-14.61 	-2.72 	1	5	545.92 	594.89 	51.70 
51	8.47 	1.78 	2	3	43.18 	103.82 	54.98 
52	8.56 	-4.84 	2	3	649.76 	706.47 	56.72 
53	10.18 	-5.58 	2	2	972.98 	1018.00 	46.12 
54	10.40 	-1.75 	2	5	422.50 	467.95 	54.23 
55	8.28 	0.07 	2	1	802.46 	865.37 	55.16 
56	10.37 	1.50 	2	2	177.37 	242.08 	45.29 
57	5.99 	-2.50 	2	1	344.13 	391.49 	63.02 
58	7.63 	-1.32 	2	3	1131.43 	1190.37 	52.66 
59	12.69 	1.33 	2	1	300.81 	353.39 	49.18 
60	13.26 	1.70 	2	3	494.98 	542.85 	47.78 
61	8.62 	-4.81 	2	5	758.67 	819.44 	60.52 
62	10.64 	-2.41 	2	4	388.03 	447.50 	56.51 
63	9.12 	1.63 	2	4	746.26 	797.06 	63.69 
64	10.64 	1.48 	2	3	605.24 	654.65 	45.65 
65	9.42 	0.45 	2	4	482.67 	539.70 	55.87 
66	9.33 	2.49 	2	4	1070.17 	1121.68 	49.70 
67	9.71 	2.15 	2	5	338.56 	391.02 	56.15 
68	7.27 	2.08 	2	4	129.08 	185.27 	56.85 
69	7.37 	3.18 	2	3	1040.05 	1087.90 	63.64 
70	10.58 	4.01 	2	1	241.68 	288.42 	61.45 
71	14.02 	3.29 	2	1	1164.32 	1221.96 	56.93 
72	9.47 	-2.48 	2	1	405.62 	447.00 	50.96 
73	6.78 	1.36 	2	2	953.12 	1017.62 	59.84 
74	12.39 	-0.36 	2	1	1121.23 	1173.54 	45.49 
75	9.21 	-3.81 	2	2	388.04 	435.85 	53.54 
76	8.90 	-0.28 	2	1	270.57 	316.75 	62.67 
77	7.27 	0.60 	2	1	69.08 	122.51 	47.34 
78	7.29 	-1.64 	2	4	992.71 	1045.38 	54.26 
79	9.74 	-1.26 	2	5	109.60 	159.03 	52.05 
80	6.97 	2.93 	2	1	214.86 	267.01 	50.05 
81	7.09 	1.64 	2	3	698.96 	752.66 	46.81 
82	11.63 	-1.61 	2	1	1011.70 	1070.08 	45.80 
83	11.59 	2.79 	2	3	1087.78 	1152.57 	49.27 
84	9.38 	0.35 	2	3	680.72 	738.37 	48.18 
85	8.38 	2.35 	2	1	814.11 	860.43 	48.89 
86	9.42 	4.17 	2	5	889.65 	947.39 	52.28 
87	11.91 	-0.57 	2	3	640.35 	701.96 	50.76 
88	7.33 	0.83 	2	3	239.20 	292.81 	60.17 
89	7.13 	5.06 	2	2	495.58 	542.76 	45.44 
90	8.84 	2.35 	2	2	98.03 	153.51 	55.10 
91	11.40 	3.19 	2	2	365.97 	424.95 	49.92 
92	7.53 	2.72 	2	2	825.12 	875.54 	54.92 
93	7.57 	-4.95 	2	2	610.09 	669.46 	45.99 
94	10.31 	9.87 	2	4	230.50 	286.16 	58.66 
95	9.64 	3.26 	2	1	46.55 	98.03 	47.49 
96	7.11 	-1.28 	2	2	464.70 	516.22 	53.71 
97	6.27 	-2.87 	2	1	180.86 	233.94 	55.11 
98	11.22 	5.66 	2	2	1137.15 	1183.90 	46.92 
99	8.82 	-3.36 	2	2	569.49 	624.65 	56.31 
100	7.80 	-1.63 	2	3	345.85 	395.18 	64.79 
101	0.53 	-14.87 	3	1	679.49 	742.74 	46.57 
102	0.21 	-15.85 	3	3	932.65 	974.32 	59.48 
103	-1.72 	-17.67 	3	3	886.04 	927.04 	63.98 
104	0.93 	-15.26 	3	1	76.08 	124.35 	58.34 
105	-0.34 	-11.15 	3	2	363.62 	413.39 	46.24 
106	-0.51 	-16.28 	3	2	537.74 	578.58 	51.31 
107	2.13 	-14.95 	3	3	668.22 	719.13 	47.89 
108	0.16 	-17.01 	3	3	220.34 	274.92 	63.37 
109	0.99 	-16.66 	3	2	40.45 	93.09 	57.17 
110	1.94 	-18.86 	3	5	399.77 	458.62 	56.78 
111	2.96 	-17.41 	3	3	666.69 	717.25 	63.14 
112	1.02 	-14.43 	3	1	530.31 	599.60 	50.31 
113	0.29 	-14.47 	3	3	410.94 	468.37 	45.29 
114	-1.76 	-13.60 	3	2	749.11 	805.18 	58.27 
115	-0.53 	-15.60 	3	3	1010.59 	1074.06 	45.84 
116	0.77 	-16.79 	3	4	678.70 	736.03 	46.66 
117	-1.34 	-14.64 	3	5	891.67 	952.13 	56.65 
118	0.56 	-13.74 	3	3	943.96 	993.33 	46.51 
119	-0.06 	-13.52 	3	5	850.87 	911.49 	49.51 
120	1.40 	-14.76 	3	3	514.79 	555.12 	59.92 
121	1.24 	-18.29 	3	1	757.83 	817.60 	50.79 
122	-0.31 	-16.34 	3	5	881.26 	928.17 	55.03 
123	-2.48 	-13.39 	3	2	669.75 	725.88 	46.40 
124	2.12 	-14.43 	3	5	717.51 	778.17 	61.48 
125	1.21 	-20.10 	3	1	512.80 	574.19 	50.29 
126	1.47 	-16.08 	3	3	1133.92 	1184.20 	60.89 
127	0.68 	-17.26 	3	3	543.44 	593.90 	50.82 
128	-0.63 	-16.39 	3	1	1006.77 	1048.85 	49.33 
129	1.04 	-14.26 	3	1	540.29 	589.78 	53.39 
130	1.38 	-16.62 	3	1	24.42 	83.15 	55.60 
131	0.75 	-16.38 	3	2	805.14 	860.48 	62.00 
132	-2.79 	-14.98 	3	1	1167.32 	1227.12 	60.22 
133	1.16 	-18.30 	3	1	478.98 	531.52 	51.41 
134	-0.57 	-19.74 	3	2	271.64 	336.68 	47.56 
135	-0.59 	-15.66 	3	1	479.55 	533.40 	58.16 
136	0.77 	-17.46 	3	2	152.35 	206.60 	62.82 
137	1.44 	-16.21 	3	2	123.98 	185.58 	45.09 
138	1.54 	-19.37 	3	4	1014.91 	1076.54 	50.82 
139	2.95 	-14.16 	3	3	562.20 	613.88 	53.21 
140	-1.50 	-13.75 	3	1	200.57 	245.66 	59.86 
141	1.01 	-15.41 	3	4	377.32 	428.53 	48.47 
142	1.96 	-18.46 	3	1	275.60 	332.29 	55.29 
143	-1.89 	-12.01 	3	2	784.73 	842.35 	61.85 
144	0.58 	-14.71 	3	1	613.41 	665.18 	48.45 
145	1.89 	-16.25 	3	2	375.20 	429.57 	49.98 
146	0.70 	-16.92 	3	4	393.55 	450.10 	59.71 
147	1.41 	-17.92 	3	4	686.73 	740.70 	60.25 
148	0.04 	-15.21 	3	2	260.55 	319.23 	59.30 
149	1.42 	-16.33 	3	4	255.85 	302.34 	62.57 
150	0.17 	-16.10 	3	4	341.83 	384.71 	57.32 
151	26.05 	-0.56 	4	3	67.18 	120.19 	55.72 
152	27.90 	1.73 	4	1	202.91 	269.32 	62.69 
153	26.00 	-1.39 	4	2	231.97 	294.66 	56.60 
154	28.78 	0.66 	4	4	46.73 	102.37 	59.39 
155	24.26 	2.32 	4	3	1008.63 	1066.09 	62.74 
156	29.33 	-3.75 	4	1	854.38 	915.41 	49.24 
157	29.80 	3.77 	4	3	634.08 	681.93 	55.20 
158	26.96 	1.32 	4	2	287.35 	354.52 	59.93 
159	29.45 	2.82 	4	4	280.93 	328.31 	60.57 
160	24.66 	3.10 	4	1	345.19 	399.77 	47.21 
161	24.97 	3.04 	4	3	284.00 	332.08 	60.69 
162	29.44 	0.65 	4	1	1016.28 	1081.52 	57.76 
163	23.98 	3.72 	4	1	234.14 	279.28 	46.64 
164	27.26 	-1.31 	4	1	392.44 	444.88 	61.49 
165	29.59 	1.14 	4	2	757.29 	819.67 	60.03 
166	30.77 	0.84 	4	2	479.13 	542.61 	55.37 
167	26.62 	-0.29 	4	3	36.16 	85.35 	52.13 
168	27.30 	4.19 	4	3	748.04 	796.16 	54.14 
169	26.88 	-3.38 	4	2	1139.50 	1195.51 	61.60 
170	24.92 	-2.64 	4	4	560.25 	617.68 	49.90 
171	23.87 	-3.85 	4	4	88.67 	136.20 	59.20 
172	29.58 	0.70 	4	3	873.04 	923.58 	60.90 
173	24.37 	1.59 	4	4	619.04 	665.58 	64.16 
174	27.90 	4.24 	4	3	575.01 	633.24 	46.18 
175	32.65 	3.93 	4	2	172.87 	225.21 	56.44 
176	27.05 	1.27 	4	4	600.94 	648.07 	48.81 
177	26.28 	0.88 	4	5	453.97 	515.39 	45.37 
178	25.38 	1.23 	4	2	958.55 	1011.42 	56.45 
179	25.58 	0.63 	4	2	818.80 	878.31 	63.16 
180	25.52 	2.29 	4	1	913.95 	974.88 	49.01 
181	27.45 	0.09 	4	1	313.05 	368.87 	54.32 
182	26.66 	7.17 	4	3	529.24 	580.49 	60.71 
183	27.89 	3.17 	4	3	612.88 	668.63 	49.61 
184	25.16 	-4.72 	4	5	284.68 	343.79 	46.72 
185	29.03 	-1.79 	4	5	192.27 	256.29 	56.83 
186	27.14 	6.91 	4	1	848.59 	908.43 	59.46 
187	29.83 	4.53 	4	2	300.08 	357.80 	61.79 
188	27.55 	0.17 	4	3	910.08 	970.69 	57.34 
189	25.16 	0.42 	4	1	1152.76 	1215.61 	64.05 
190	28.19 	0.09 	4	1	975.48 	1030.33 	50.27 
191	26.91 	1.47 	4	1	773.62 	832.23 	56.94 
192	26.41 	7.79 	4	1	767.95 	831.04 	49.55 
193	29.82 	1.40 	4	1	366.03 	424.60 	62.35 
194	23.53 	3.38 	4	2	1077.04 	1123.64 	52.95 
195	28.89 	1.16 	4	4	895.14 	943.68 	55.80 
196	28.14 	-2.13 	4	2	980.88 	1035.17 	50.45 
197	25.17 	3.23 	4	5	973.66 	1035.36 	52.84 
198	29.27 	2.94 	4	3	897.22 	949.66 	59.54 
199	26.04 	3.67 	4	2	775.27 	822.57 	52.58 
200	23.41 	-0.28 	4	5	336.25 	389.69 	58.66 
201	23.07 	-13.64 	5	3	927.76 	985.30 	51.49 
202	23.58 	-17.76 	5	3	817.66 	873.54 	49.52 
203	19.86 	-15.75 	5	3	717.15 	761.48 	60.27 
204	18.67 	-9.47 	5	4	490.05 	552.59 	63.28 
205	16.53 	-12.96 	5	1	184.02 	248.50 	54.85 
206	19.03 	-12.34 	5	1	874.33 	927.10 	50.49 
207	22.69 	-14.91 	5	1	25.31 	88.69 	62.03 
208	19.96 	-13.58 	5	5	453.55 	501.94 	52.28 
209	17.54 	-15.81 	5	2	99.35 	155.40 	53.04 
210	17.60 	-22.01 	5	2	335.91 	383.01 	49.16 
211	18.64 	-18.02 	5	4	194.64 	253.26 	57.30 
212	19.46 	-13.72 	5	2	591.95 	656.50 	60.86 
213	19.72 	-17.06 	5	3	631.75 	679.97 	58.57 
214	21.86 	-12.39 	5	3	781.72 	839.99 	63.50 
215	14.55 	-14.21 	5	1	628.02 	682.99 	45.90 
216	17.37 	-11.58 	5	1	172.24 	224.13 	62.17 
217	22.06 	-15.11 	5	2	317.24 	373.05 	59.31 
218	16.35 	-16.76 	5	3	728.55 	779.37 	60.41 
219	15.05 	-17.77 	5	3	382.52 	433.15 	62.81 
220	19.69 	-13.88 	5	4	887.20 	940.65 	50.30 
221	14.77 	-15.69 	5	3	329.22 	374.03 	46.31 
222	20.74 	-12.78 	5	4	1156.49 	1202.82 	51.14 
223	18.01 	-14.64 	5	3	632.41 	683.13 	59.65 
224	19.33 	-11.73 	5	2	1055.31 	1113.53 	62.40 
225	17.85 	-15.81 	5	5	910.58 	960.24 	48.83 
226	15.65 	-14.90 	5	2	125.71 	183.02 	61.45 
227	17.37 	-13.72 	5	3	1017.06 	1073.56 	58.25 
228	20.35 	-16.17 	5	4	377.77 	417.75 	63.25 
229	19.91 	-12.81 	5	2	386.40 	435.79 	62.43 
230	17.10 	-14.53 	5	1	138.25 	189.96 	48.76 
231	18.92 	-16.45 	5	2	194.52 	248.07 	64.46 
232	25.75 	-15.05 	5	2	536.05 	583.95 	60.74 
233	17.94 	-11.75 	5	1	970.58 	1023.97 	55.60 
234	22.12 	-16.11 	5	4	995.41 	1046.95 	54.58 
235	19.66 	-19.58 	5	3	113.67 	174.10 	46.13 
236	17.39 	-15.91 	5	1	1123.58 	1179.01 	51.80 
237	17.51 	-13.80 	5	5	42.01 	100.13 	60.07 
238	18.82 	-19.87 	5	1	1106.32 	1155.83 	63.77 
239	17.01 	-13.75 	5	5	738.93 	799.99 	48.11 
240	21.64 	-13.99 	5	1	845.09 	891.14 	49.12 
241	19.96 	-16.51 	5	1	923.76 	978.22 	51.42 
242	19.44 	-11.85 	5	3	569.93 	623.20 	47.24 
243	17.74 	-11.78 	5	1	272.19 	328.40 	47.36 
244	18.95 	-13.93 	5	2	916.92 	974.09 	45.93 
245	17.34 	-11.02 	5	5	1053.59 	1115.95 	59.27 
246	16.55 	-10.08 	5	4	264.94 	323.90 	52.43 
247	17.09 	-16.71 	5	4	272.08 	326.22 	58.43 
248	18.14 	-14.59 	5	1	128.99 	179.79 	62.74 
249	20.41 	-14.88 	5	2	544.43 	594.76 	54.32 
250	19.05 	-14.41 	5	2	695.42 	756.32 	63.77 
251	46.09 	1.90 	6	1	555.37 	606.47 	46.96 
252	45.59 	2.37 	6	1	932.01 	979.36 	47.06 
253	46.18 	2.82 	6	3	773.54 	832.80 	57.63 
254	44.24 	5.56 	6	4	53.94 	116.60 	59.41 
255	44.93 	1.57 	6	5	764.98 	809.71 	53.97 
256	44.17 	4.12 	6	2	238.09 	287.23 	64.63 
257	42.12 	1.83 	6	3	565.06 	617.50 	46.45 
258	43.56 	-0.38 	6	1	295.78 	352.11 	64.58 
259	44.68 	0.73 	6	2	632.12 	680.12 	64.29 
260	45.91 	5.17 	6	3	931.97 	992.75 	49.83 
261	43.12 	3.05 	6	2	1066.73 	1126.30 	49.76 
262	46.25 	0.07 	6	3	160.32 	201.68 	47.00 
263	45.25 	3.48 	6	1	440.42 	502.21 	55.08 
264	43.17 	0.49 	6	5	1117.98 	1171.44 	50.75 
265	44.78 	3.51 	6	3	764.08 	824.35 	61.28 
266	46.64 	2.57 	6	1	831.84 	886.64 	55.32 
267	41.43 	2.55 	6	1	27.69 	81.56 	52.81 
268	46.99 	3.49 	6	3	52.58 	107.96 	58.72 
269	44.43 	4.32 	6	3	763.27 	818.76 	56.26 
270	45.04 	1.80 	6	5	337.85 	380.29 	48.30 
271	47.90 	1.03 	6	2	431.61 	487.12 	64.03 
272	42.58 	-0.79 	6	1	1001.52 	1065.68 	60.79 
273	46.53 	0.89 	6	4	758.89 	817.12 	45.30 
274	44.87 	0.73 	6	1	792.90 	849.71 	63.73 
275	44.99 	4.86 	6	5	1143.36 	1204.66 	54.09 
276	46.15 	2.80 	6	1	643.21 	704.61 	55.90 
277	46.34 	1.07 	6	4	468.31 	521.89 	53.53 
278	43.23 	4.09 	6	2	131.88 	196.66 	54.40 
279	42.06 	-0.15 	6	1	145.46 	200.17 	57.97 
280	46.42 	-0.08 	6	2	80.70 	131.92 	53.96 
281	48.52 	0.68 	6	1	487.92 	549.03 	50.42 
282	43.81 	0.34 	6	1	794.97 	843.50 	61.93 
283	45.26 	1.51 	6	4	265.89 	322.58 	61.88 
284	45.18 	-0.16 	6	4	186.59 	245.18 	50.55 
285	51.30 	6.62 	6	3	885.01 	937.44 	56.66 
286	44.94 	5.82 	6	3	526.83 	579.70 	58.71 
287	47.18 	1.54 	6	3	806.47 	852.56 	57.12 
288	46.48 	4.91 	6	2	809.16 	866.55 	58.94 
289	44.63 	-0.31 	6	2	308.35 	368.43 	50.27 
290	46.24 	-3.11 	6	2	181.45 	227.21 	61.41 
291	44.19 	3.48 	6	2	225.90 	274.66 	57.90 
292	46.50 	0.93 	6	4	32.43 	75.67 	60.83 
293	44.42 	2.20 	6	3	556.76 	607.50 	47.32 
294	46.88 	3.50 	6	5	825.05 	874.79 	48.96 
295	44.92 	4.66 	6	2	274.48 	330.84 	48.05 
296	44.94 	0.93 	6	2	766.02 	818.90 	58.80 
297	45.18 	4.20 	6	3	1124.34 	1177.07 	58.01 
298	44.37 	3.42 	6	4	198.00 	249.78 	59.77 
299	41.09 	0.49 	6	4	624.73 	680.39 	48.87 
300	45.68 	2.85 	6	1	1031.87 	1089.07 	48.02 
301	34.87 	-16.55 	7	1	801.22 	848.63 	55.71 
302	37.40 	-9.63 	7	5	834.51 	893.24 	45.37 
303	36.71 	-9.82 	7	2	564.43 	626.63 	53.42 
304	39.00 	-15.17 	7	1	733.54 	779.20 	49.44 
305	40.49 	-15.10 	7	3	1120.10 	1163.24 	62.47 
306	39.46 	-13.80 	7	5	522.15 	569.48 	55.50 
307	38.08 	-12.04 	7	2	1018.87 	1063.67 	51.43 
308	36.03 	-13.94 	7	3	453.15 	516.14 	48.23 
309	34.94 	-15.01 	7	4	164.82 	213.76 	45.67 
310	37.71 	-22.22 	7	3	857.67 	918.15 	49.69 
311	35.02 	-10.20 	7	2	205.10 	274.46 	45.19 
312	35.44 	-14.11 	7	5	266.01 	325.63 	47.69 
313	36.37 	-18.41 	7	1	286.12 	332.81 	45.22 
314	35.75 	-10.06 	7	1	1062.52 	1122.55 	48.17 
315	37.63 	-17.82 	7	3	1156.92 	1202.87 	53.26 
316	36.25 	-14.37 	7	4	296.51 	346.75 	54.82 
317	39.42 	-15.42 	7	3	281.64 	337.86 	52.46 
318	39.43 	-14.94 	7	3	1081.22 	1136.18 	59.95 
319	39.77 	-15.46 	7	4	966.71 	1016.71 	63.31 
320	35.10 	-13.09 	7	3	34.58 	95.95 	46.72 
321	36.53 	-13.15 	7	4	291.10 	348.11 	59.84 
322	35.92 	-10.04 	7	4	690.76 	736.35 	47.96 
323	37.84 	-16.33 	7	3	1135.55 	1191.24 	53.98 
324	36.03 	-12.17 	7	4	493.36 	549.53 	47.01 
325	36.44 	-16.63 	7	4	52.99 	101.75 	61.63 
326	39.12 	-15.45 	7	1	1033.68 	1086.82 	45.53 
327	39.94 	-12.60 	7	2	428.96 	482.31 	63.58 
328	35.27 	-15.16 	7	1	1119.71 	1165.10 	61.02 
329	37.87 	-11.08 	7	1	248.24 	305.70 	50.03 
330	37.67 	-13.07 	7	2	967.91 	1026.75 	58.39 
331	36.26 	-19.49 	7	5	629.35 	675.00 	46.92 
332	39.25 	-9.02 	7	5	434.38 	494.80 	45.47 
333	37.72 	-10.79 	7	1	255.62 	316.82 	64.45 
334	39.15 	-12.08 	7	1	1079.28 	1125.05 	46.82 
335	35.68 	-16.77 	7	3	1114.50 	1177.24 	55.23 
336	35.72 	-9.41 	7	2	947.95 	1007.97 	47.06 
337	39.17 	-10.12 	7	4	642.01 	701.48 	45.09 
338	37.17 	-14.22 	7	2	728.43 	773.94 	62.55 
339	36.58 	-14.15 	7	1	571.37 	636.42 	47.82 
340	37.94 	-15.60 	7	3	351.04 	394.70 	63.92 
341	44.04 	-15.13 	7	1	441.51 	489.29 	49.26 
342	35.44 	-13.93 	7	2	886.14 	943.58 	58.01 
343	35.98 	-10.34 	7	1	274.32 	328.83 	64.43 
344	36.64 	-15.37 	7	3	59.81 	113.86 	53.75 
345	33.18 	-12.06 	7	2	30.62 	82.55 	56.27 
346	39.10 	-14.16 	7	2	296.53 	348.46 	46.13 
347	35.42 	-15.25 	7	2	359.16 	402.09 	60.38 
348	36.32 	-14.88 	7	3	136.55 	193.88 	46.92 
349	36.21 	-17.24 	7	2	324.18 	382.05 	54.43 
350	38.54 	-17.24 	7	1	604.00 	655.64 	51.94 
351	63.22 	1.61 	8	3	927.37 	971.69 	47.77 
352	59.88 	3.53 	8	5	522.95 	578.33 	64.63 
353	62.16 	2.40 	8	1	653.31 	696.79 	54.88 
354	60.71 	3.67 	8	2	81.74 	154.55 	47.65 
355	59.97 	4.39 	8	3	945.82 	1008.45 	58.91 
356	59.57 	1.27 	8	4	541.58 	599.53 	60.06 
357	61.17 	4.75 	8	2	262.06 	325.51 	60.37 
358	65.92 	3.85 	8	2	1081.52 	1143.94 	57.28 
359	63.59 	2.59 	8	2	671.99 	724.96 	52.71 
360	58.66 	3.96 	8	4	194.27 	242.29 	55.76 
361	60.74 	4.11 	8	2	331.86 	382.97 	50.63 
362	59.62 	4.27 	8	4	1148.85 	1194.02 	50.72 
363	68.73 	7.67 	8	1	698.26 	759.32 	58.72 
364	57.51 	2.53 	8	1	867.75 	917.10 	57.15 
365	64.02 	-1.94 	8	3	785.05 	836.34 	46.82 
366	64.99 	-0.29 	8	3	279.87 	333.81 	63.99 
367	64.55 	2.31 	8	3	689.22 	744.40 	63.65 
368	69.62 	4.57 	8	4	1060.07 	1102.18 	55.20 
369	62.19 	2.51 	8	1	512.10 	568.90 	56.07 
370	64.78 	5.01 	8	4	759.91 	818.81 	51.19 
371	61.83 	0.16 	8	1	939.03 	988.71 	55.16 
372	66.38 	-0.10 	8	2	109.29 	168.68 	45.14 
373	68.47 	6.59 	8	3	171.26 	225.58 	47.84 
374	66.05 	3.01 	8	1	968.58 	1023.01 	57.55 
375	63.22 	-0.08 	8	2	329.48 	393.08 	48.88 
376	64.72 	3.04 	8	4	90.84 	150.99 	57.15 
377	65.56 	2.45 	8	5	678.33 	749.95 	51.31 
378	63.96 	6.12 	8	2	349.83 	401.90 	60.52 
379	60.82 	4.77 	8	3	118.04 	164.36 	46.74 
380	67.21 	4.19 	8	2	455.89 	506.79 	63.86 
381	63.28 	0.95 	8	4	627.98 	687.16 	46.37 
382	59.07 	1.17 	8	1	872.13 	923.43 	55.10 
383	63.30 	4.14 	8	2	906.55 	957.25 	54.78 
384	63.03 	3.47 	8	3	428.13 	480.04 	58.36 
385	61.64 	5.93 	8	1	588.51 	636.90 	47.39 
386	63.82 	4.59 	8	2	49.76 	103.11 	50.05 
387	61.28 	1.54 	8	1	589.59 	631.39 	51.43 
388	64.43 	6.84 	8	4	843.68 	890.71 	58.45 
389	59.71 	2.45 	8	1	863.90 	922.02 	45.61 
390	65.07 	1.69 	8	5	672.82 	719.12 	55.90 
391	62.38 	0.57 	8	1	643.29 	701.26 	61.16 
392	69.35 	5.80 	8	3	827.94 	883.33 	62.77 
393	57.56 	0.98 	8	5	657.30 	702.60 	54.23 
394	66.34 	2.99 	8	3	458.30 	510.74 	55.81 
395	60.55 	2.56 	8	1	585.89 	634.33 	58.64 
396	67.51 	2.80 	8	3	258.88 	314.05 	50.55 
397	61.66 	2.16 	8	2	736.58 	801.46 	53.98 
398	63.05 	1.25 	8	5	593.05 	644.94 	47.66 
399	70.98 	5.67 	8	1	983.49 	1038.54 	58.76 
400	64.47 	-2.57 	8	3	106.45 	167.66 	61.91 
