48           10              8              2                4             56     

1	1	1	0	1200	400	600	30
2	1	3	0	1200	400	600	30
3	2	1	0	1200	400	600	30
4	2	3	0	1200	400	600	30
5	3	1	0	1200	400	600	30
6	3	3	0	1200	400	600	30
7	4	2	0	1200	400	600	30
8	4	3	0	1200	400	600	30
9	0	5	0	1200	400	600	30
10	0	5	0	1200	400	600	30


1              0 	75        1              
2              0 	75        1             
3              75 	  0        2              
4              75 	  0        2             
5               0            -75        3              
6               0            -75        3             
7              -75             0        4              
8              -75             0        4             

1	19.27 	85.02 	1	3	706.52 	761.79 	47.17 
2	-19.53 	102.53 	1	2	184.56 	236.28 	63.79 
3	28.97 	75.08 	1	4	83.42 	135.59 	61.50 
4	-3.09 	47.85 	1	1	617.31 	677.93 	63.50 
5	-29.15 	48.75 	1	1	960.13 	1007.64 	57.14 
6	5.64 	45.62 	1	4	647.69 	697.45 	53.84 
7	8.26 	87.43 	1	3	919.29 	982.82 	45.51 
8	12.55 	51.79 	1	1	1128.03 	1181.57 	45.75 
9	12.80 	48.15 	1	2	185.94 	241.92 	61.77 
10	-12.52 	59.05 	1	2	973.46 	1028.28 	60.97 
11	33.36 	72.75 	1	5	686.49 	737.45 	52.60 
12	-12.91 	109.65 	1	3	950.21 	993.24 	61.65 
13	54.97 	-24.34 	2	5	103.11 	161.25 	51.94 
14	43.35 	-28.94 	2	3	931.30 	990.16 	64.29 
15	61.04 	-20.49 	2	1	1103.20 	1169.33 	64.68 
16	75.95 	-0.97 	2	1	730.83 	790.45 	51.44 
17	60.40 	-20.82 	2	2	954.25 	1009.70 	61.27 
18	62.65 	-4.23 	2	2	1141.10 	1197.06 	53.04 
19	62.98 	10.10 	2	3	623.23 	680.45 	56.60 
20	77.95 	6.76 	2	1	669.28 	723.69 	57.81 
21	61.94 	-13.93 	2	3	366.94 	426.26 	60.65 
22	106.37 	2.07 	2	2	29.48 	85.48 	58.06 
23	52.83 	-31.77 	2	5	25.36 	83.67 	57.74 
24	49.61 	4.02 	2	4	1163.09 	1217.15 	50.40 
25	-25.04 	-71.19 	3	2	1136.41 	1196.89 	45.86 
26	-3.82 	-51.96 	3	3	1168.29 	1222.18 	45.96 
27	29.15 	-54.59 	3	5	582.22 	639.32 	61.46 
28	-23.63 	-40.79 	3	1	709.29 	768.97 	58.36 
29	-25.62 	-88.65 	3	4	768.91 	821.24 	57.26 
30	-29.11 	-58.65 	3	1	781.83 	832.94 	63.24 
31	-2.89 	-79.89 	3	2	480.99 	525.58 	64.88 
32	0.08 	-47.53 	3	1	425.02 	482.79 	64.01 
33	-29.32 	-58.00 	3	3	230.29 	282.20 	49.49 
34	-12.54 	-78.09 	3	3	609.23 	659.13 	54.40 
35	-11.85 	-71.22 	3	4	626.48 	676.17 	47.16 
36	-24.32 	-61.70 	3	2	981.14 	1033.20 	64.33 
37	-73.74 	-18.48 	4	1	840.81 	902.43 	57.76 
38	-98.09 	-11.37 	4	2	361.51 	420.09 	49.58 
39	-70.64 	28.96 	4	3	800.97 	854.56 	52.80 
40	-78.62 	-3.41 	4	3	475.58 	532.50 	58.20 
41	-96.71 	24.58 	4	4	640.17 	695.07 	54.57 
42	-97.21 	-19.87 	4	2	292.43 	334.34 	50.85 
43	-85.40 	27.49 	4	4	961.61 	1012.04 	47.57 
44	-54.52 	-27.71 	4	2	336.04 	386.76 	45.38 
45	-106.86 	-33.53 	4	5	281.98 	330.05 	59.20 
46	-75.83 	-15.29 	4	1	1175.32 	1218.27 	62.44 
47	-44.55 	0.77 	4	1	138.85 	195.36 	62.32 
48	-65.98 	21.64 	4	3	1084.61 	1146.59 	59.87 
